
strategic_region={
	id=100
	name="STRATEGICREGION_100"
	provinces={
		56 417 445 843 1149 1318 1487 1500 1538 1559 1587 1762 1970 2025 2274 2674 3036 3094 3384 3385 3483 3629 3792 3800 4258 4361 4488 4565 4621 5110 5473 5497 5629 6176 6177 6248 6529 6744 7068 7098 7651 8246 8280 8506 8532 8538 8546 8875 8882 9041 9140 9332 9974 9981 10147 10231 10285 10640 13702 13722 13723 13731 13813 13826 13827 13856 13857 13902 13913 13924 13982 13990 14036 14057 14063 14109 14110 14119 14125 14134 14164 14173 14188 14217 14233 14273 14274 14294 14303 14337 14343 14351 14363 14384 14391 14403 14444 14451 14459 14464 14510 14567 14592 14629 14638 14655 
	}
	weather={
		period={
			between={ 0.0 14.2 }
			temperature={ -10.0 35.0 }
			no_phenomenon=1.500
			rain_light=0.250
			rain_heavy=0.100
			snow=0.000
			blizzard=0.000
			arctic_water=0.000
			mud=0.000
			sandstorm=0.000
			min_snow_level=0.000
		}
	}
}
