
strategic_region={
	id=101
	name="STRATEGICREGION_101"
	provinces={
		30 79 350 352 359 519 548 933 1065 1259 1558 1679 1838 1915 3630 3726 3814 3924 4098 4146 4150 4152 4574 4582 4760 4762 4769 4979 5019 5142 5196 5587 5609 5634 5803 5845 5930 5967 6024 6032 6349 6381 6625 7024 7075 7140 7365 7450 7541 7722 8222 8680 8773 9007 9037 9047 9674 9973 10128 10531 10557 10594 14311 14352 14359 14373 14374 14385 14392 14404 14445 14465 14495 14496 14516 14547 14548 14568 14575 14607 14646 14656 14676 14707 14708 14718 14736 14772 14773 14790 14791 14842 14843 14851 14852 14870 14903 14904 14905 14957 14958 14976 14977 15014 15060 15068 15069 15075 15095 15154 15191 15192 15224 15237 15238 15252 15264 15300 
	}
	weather={
		period={
			between={ 0.0 14.2 }
			temperature={ -10.0 35.0 }
			no_phenomenon=1.500
			rain_light=0.250
			rain_heavy=0.100
			snow=0.000
			blizzard=0.000
			arctic_water=0.000
			mud=0.000
			sandstorm=0.000
			min_snow_level=0.000
		}
	}
}
