
strategic_region={
	id=102
	name="STRATEGICREGION_102"
	provinces={
		74 76 123 191 202 219 640 651 1009 1387 1620 1798 1953 2157 2242 2379 2497 2621 2635 2680 2909 3293 3416 3634 3827 4638 5018 5454 5558 5696 5939 6091 6149 6393 6781 7038 7046 7510 7529 7671 7979 8054 8143 8312 8558 9106 9184 9316 9366 9465 9622 9738 9873 10162 10428 10504 13604 13634 13657 13753 13761 13765 13774 13818 13819 13828 13829 13839 13850 13878 13907 13908 13914 13915 13932 13941 13947 13976 13983 13984 13985 13991 13995 13996 14001 14037 14038 14052 14058 14064 14076 14100 14114 14126 14140 14160 14174 14175 14176 14181 14222 14237 14257 14291 14295 
	}
	weather={
		period={
			between={ 0.0 14.2 }
			temperature={ -10.0 35.0 }
			no_phenomenon=1.500
			rain_light=0.250
			rain_heavy=0.100
			snow=0.000
			blizzard=0.000
			arctic_water=0.000
			mud=0.000
			sandstorm=0.000
			min_snow_level=0.000
		}
	}
}
