
strategic_region={
	id=103
	name="STRATEGICREGION_103"
	provinces={
		40 165 551 936 1139 1605 1672 1788 1880 2016 2520 2663 3025 3550 3638 3931 4173 4192 4429 5213 5764 5987 6011 6846 6921 7743 7867 8051 8335 8573 9012 9062 9246 9296 9576 9977 14405 14427 14428 14460 14511 14517 14540 14560 14576 14580 14581 14597 14608 14620 14630 14631 14639 14669 14704 14712 14743 14768 14782 14792 14802 14815 14821 14888 14889 14895 14906 14941 14978 14992 15043 
	}
	weather={
		period={
			between={ 0.0 14.2 }
			temperature={ -10.0 35.0 }
			no_phenomenon=1.500
			rain_light=0.250
			rain_heavy=0.100
			snow=0.000
			blizzard=0.000
			arctic_water=0.000
			mud=0.000
			sandstorm=0.000
			min_snow_level=0.000
		}
	}
}
