
strategic_region={
	id=104
	name="STRATEGICREGION_104"
	provinces={
		46 625 694 784 923 1063 1346 1367 1691 1820 2271 2345 2448 2592 2716 2718 2886 2931 2935 2966 3745 3978 4110 4231 4261 4394 4622 4761 5358 5373 5578 5672 5831 6338 6414 6454 6535 6583 6677 7830 7901 8048 8249 8683 8897 9935 10282 10310 10669 10672 13766 13781 13782 13795 13820 13840 13873 13903 13925 13926 13948 13969 13977 14004 14022 14023 14047 14083 14091 14101 14115 14177 14178 14179 14182 14189 14202 14241 14258 14267 14393 14412 14452 14541 
	}
	weather={
		period={
			between={ 0.0 14.2 }
			temperature={ -10.0 35.0 }
			no_phenomenon=1.500
			rain_light=0.250
			rain_heavy=0.100
			snow=0.000
			blizzard=0.000
			arctic_water=0.000
			mud=0.000
			sandstorm=0.000
			min_snow_level=0.000
		}
	}
}
