
strategic_region={
	id=105
	name="STRATEGICREGION_105"
	provinces={
		318 346 742 1024 1180 1238 1283 1363 1467 1783 2138 2246 2269 2392 2579 2686 2828 3521 3578 3645 3789 3901 3979 3988 4153 4524 4563 4817 4837 5066 5421 5820 6336 6603 6609 6626 6833 7401 7627 8322 8387 8422 8505 8656 8686 8742 8804 9121 9811 10386 10607 15108 15124 15138 15168 15180 15225 15233 15275 15327 15342 15363 15372 15380 15406 15411 15449 15457 15494 15514 15537 15557 15561 15572 15573 15587 15620 15683 15699 15700 15717 15724 15743 15760 15775 15776 15804 15817 15835 15845 15853 15875 15883 15915 15929 15973 
	}
	weather={
		period={
			between={ 0.0 14.2 }
			temperature={ -10.0 35.0 }
			no_phenomenon=1.500
			rain_light=0.250
			rain_heavy=0.100
			snow=0.000
			blizzard=0.000
			arctic_water=0.000
			mud=0.000
			sandstorm=0.000
			min_snow_level=0.000
		}
	}
}
