
strategic_region={
	id=106
	name="STRATEGICREGION_106"
	provinces={
		245 264 344 413 2056 2167 2447 2576 2622 2701 2815 2844 2902 2972 3109 3128 3165 3215 3268 3349 3596 3770 3898 3989 4106 4160 4314 4347 4425 4576 4695 4863 5225 5230 5318 5372 5396 5468 5517 5639 5763 6104 6520 6645 6768 6829 6908 7220 7298 7570 7596 7845 7863 7995 8129 8158 8484 8633 8697 8783 8819 8846 8996 9069 9168 9456 9745 9875 9887 9888 9931 9975 10001 10146 10466 10631 10690 10788 15092 15128 15186 15214 15234 15258 15289 15323 15355 15407 15412 15548 15568 15600 15633 15665 15669 15689 15701 15708 15752 15769 15777 15797 15807 15819 15820 15836 15858 15871 15872 15901 15907 15919 15924 15940 15960 15977 15981 15987 16012 16022 16050 16110 16134 16226 16258 16312 
	}
	weather={
		period={
			between={ 0.0 14.2 }
			temperature={ -10.0 35.0 }
			no_phenomenon=1.500
			rain_light=0.250
			rain_heavy=0.100
			snow=0.000
			blizzard=0.000
			arctic_water=0.000
			mud=0.000
			sandstorm=0.000
			min_snow_level=0.000
		}
	}
}
