
strategic_region={
	id=107
	name="STRATEGICREGION_107"
	provinces={
		147 575 585 941 1316 1761 2207 2385 3146 3241 3722 3768 3873 3971 4481 4648 4666 5808 6191 6370 7019 7466 8078 8252 9339 9693 9951 10347 10599 10678 14268 14364 14419 14435 14453 14466 14498 14512 14525 14562 14563 14582 14598 14599 14640 14658 14659 14670 14694 14709 14713 14738 14775 14816 14836 14854 14860 14861 14916 14917 14959 14984 15034 
	}
	weather={
		period={
			between={ 0.0 14.2 }
			temperature={ -10.0 35.0 }
			no_phenomenon=1.500
			rain_light=0.250
			rain_heavy=0.100
			snow=0.000
			blizzard=0.000
			arctic_water=0.000
			mud=0.000
			sandstorm=0.000
			min_snow_level=0.000
		}
	}
}
