
strategic_region={
	id=108
	name="STRATEGICREGION_108"
	provinces={
		962 1141 1348 1396 1617 1681 1707 1987 2198 2210 2460 2848 3085 3171 3372 3513 3523 3679 3685 3714 3889 4140 4355 4911 5357 5568 5586 5714 5718 5757 5877 6718 6896 7162 7192 7294 7376 7586 7811 7963 8027 8196 8235 8699 8757 8822 9251 9280 9310 9352 9381 9392 9404 9581 9629 9657 9914 10140 10222 10352 10384 10434 10454 10644 10754 14014 14029 14084 14111 14153 14190 14203 14223 14234 14247 14259 14260 14304 14323 14327 14360 14406 14413 14414 14418 14434 14478 14487 14497 14549 14550 14561 14632 14647 14657 14677 14692 14693 14699 14723 14737 14752 14774 14793 14794 14822 14853 14876 14896 14925 14933 14934 14967 14982 15015 15053 15061 15125 15193 15201 
	}
	weather={
		period={
			between={ 0.0 14.2 }
			temperature={ -10.0 35.0 }
			no_phenomenon=1.500
			rain_light=0.250
			rain_heavy=0.100
			snow=0.000
			blizzard=0.000
			arctic_water=0.000
			mud=0.000
			sandstorm=0.000
			min_snow_level=0.000
		}
	}
}
