
strategic_region={
	id=109
	name="STRATEGICREGION_109"
	provinces={
		243 528 565 1476 1673 1883 1962 2179 2227 2374 2551 2566 2567 3093 3123 3309 3403 3693 3759 4053 4212 4479 4580 4776 4875 4889 5058 5198 5253 5284 5409 5515 5720 6188 6447 6526 7069 7240 7558 7682 7740 8251 8831 8855 8944 9533 10045 10048 10143 10264 10340 14830 14884 14907 14926 14935 14983 15007 15016 15076 15083 15126 15127 15155 15173 15181 15194 15195 15196 15245 15265 15288 15316 15317 15318 15353 15354 15367 15373 15381 15425 15435 15436 15442 15450 15470 15507 15532 15599 15610 15615 15651 15664 15684 15707 15744 15782 15785 15818 15825 15826 15839 15854 15876 15893 20811 
	}
	weather={
		period={
			between={ 0.0 14.2 }
			temperature={ -10.0 35.0 }
			no_phenomenon=1.500
			rain_light=0.250
			rain_heavy=0.100
			snow=0.000
			blizzard=0.000
			arctic_water=0.000
			mud=0.000
			sandstorm=0.000
			min_snow_level=0.000
		}
	}
}
