
strategic_region={
	id=110
	name="STRATEGICREGION_110"
	provinces={
		35 284 335 357 557 693 722 812 911 1059 1110 1154 1184 1337 1390 1465 1712 1781 1793 2368 2397 3140 3174 3183 3210 3295 3628 3909 4350 4484 4556 4705 4730 4778 4851 4852 4963 5106 5157 5309 5333 5985 6072 6099 6406 6503 6623 6754 6780 6841 7071 7086 7475 7840 7899 7944 7990 8218 8521 8799 8864 8869 8920 9150 9536 9566 9599 9938 10026 10298 16005 16010 16017 16049 16064 16078 16086 16108 16109 16122 16148 16180 16184 16188 16225 16239 16268 16277 16287 16288 16348 16368 16373 16404 16420 16462 16476 16477 16503 16534 16564 16588 16605 16617 16661 16685 16693 16710 16711 16730 16731 16777 16784 16803 16816 16837 16845 16854 16866 16872 16900 16913 16930 16945 16984 16992 17004 17029 17049 17104 17143 17178 
	}
	weather={
		period={
			between={ 0.0 14.2 }
			temperature={ -10.0 35.0 }
			no_phenomenon=1.500
			rain_light=0.250
			rain_heavy=0.100
			snow=0.000
			blizzard=0.000
			arctic_water=0.000
			mud=0.000
			sandstorm=0.000
			min_snow_level=0.000
		}
	}
}
