
strategic_region={
	id=112
	name="STRATEGICREGION_112"
	provinces={
		132 198 501 510 831 1273 1328 1521 1686 2457 2596 2850 3260 3306 3340 3437 3502 3621 4276 4325 4353 5222 5259 5871 5895 5943 6340 6747 7180 7233 7330 7618 7686 7832 8707 8713 8785 8956 9136 9166 9231 9301 9379 9813 10291 10321 10558 10658 10779 16278 16335 16349 16395 16444 16488 16535 16577 16595 16622 16638 16667 16668 16687 16703 16704 16716 16741 16779 16790 16808 16849 16867 16909 16910 16980 17030 17098 17126 
	}
	weather={
		period={
			between={ 0.0 14.2 }
			temperature={ -10.0 35.0 }
			no_phenomenon=1.500
			rain_light=0.250
			rain_heavy=0.100
			snow=0.000
			blizzard=0.000
			arctic_water=0.000
			mud=0.000
			sandstorm=0.000
			min_snow_level=0.000
		}
	}
}
