
strategic_region={
	id=113
	name="STRATEGICREGION_113"
	provinces={
		644 865 1138 1268 2236 2292 2967 3379 3433 3443 3580 4515 4537 5023 5170 5245 5453 6106 6409 7128 7421 7773 8313 8442 8488 8719 8937 9515 9715 10010 16096 16111 16190 16229 16273 16282 16360 16374 16391 16417 16421 16425 16451 16478 16483 16545 16557 16589 16669 16674 16733 16738 16798 
	}
	weather={
		period={
			between={ 0.0 14.2 }
			temperature={ -10.0 35.0 }
			no_phenomenon=1.500
			rain_light=0.250
			rain_heavy=0.100
			snow=0.000
			blizzard=0.000
			arctic_water=0.000
			mud=0.000
			sandstorm=0.000
			min_snow_level=0.000
		}
	}
}
