
strategic_region={
	id=114
	name="STRATEGICREGION_114"
	provinces={
		57 342 429 479 662 671 711 813 1973 2205 2467 3229 3291 3579 3815 4035 4210 4402 4522 4683 4788 4840 4845 5039 5052 5499 5506 5591 5896 6054 6335 6509 6675 6872 6907 7009 7051 7888 8127 8250 8361 8508 8572 8611 8615 8876 10119 10224 15939 15974 16011 16021 16037 16058 16079 16087 16133 16160 16189 16197 16198 16250 16257 16289 16296 16301 16311 16344 16369 16390 16394 16410 16423 16424 16443 16459 16497 16504 16505 16524 16529 16552 16643 16646 
	}
	weather={
		period={
			between={ 0.0 14.2 }
			temperature={ -10.0 35.0 }
			no_phenomenon=1.500
			rain_light=0.250
			rain_heavy=0.100
			snow=0.000
			blizzard=0.000
			arctic_water=0.000
			mud=0.000
			sandstorm=0.000
			min_snow_level=0.000
		}
	}
}
