
strategic_region={
	id=115
	name="STRATEGICREGION_115"
	provinces={
		33 200 409 1142 1226 1301 1303 1682 1887 1968 2649 3189 3387 3442 4104 4130 4201 4417 4477 4693 4838 5643 5855 5983 6658 6707 7229 7319 7689 7905 8009 8123 8836 9049 9148 9349 10151 10314 16642 16682 16686 16715 16732 16806 16807 16838 16846 16847 16914 16922 16938 16971 16985 16986 17008 17026 17042 17066 17096 17097 17112 17132 17151 17160 17202 17221 17254 17257 17273 17288 17332 
	}
	weather={
		period={
			between={ 0.0 14.2 }
			temperature={ -10.0 35.0 }
			no_phenomenon=1.500
			rain_light=0.250
			rain_heavy=0.100
			snow=0.000
			blizzard=0.000
			arctic_water=0.000
			mud=0.000
			sandstorm=0.000
			min_snow_level=0.000
		}
	}
}
