
strategic_region={
	id=116
	name="STRATEGICREGION_116"
	provinces={
		679 900 1246 1527 1588 1754 2421 2594 2805 3178 3486 3514 4037 4404 4569 4800 4897 4904 4923 5062 5494 5617 6034 6172 6320 6631 7145 7874 8004 8255 8622 8698 8939 9052 9183 9416 9450 9482 10191 10254 10336 10493 10698 17408 17471 17480 17486 17490 17512 17526 17537 17546 17556 17561 17575 17587 17613 17614 17626 17648 17649 17657 17684 17730 17759 17778 17787 17802 17842 17866 17903 17922 17941 18015 18039 18083 18132 
	}
	weather={
		period={
			between={ 0.0 14.2 }
			temperature={ -10.0 35.0 }
			no_phenomenon=1.500
			rain_light=0.250
			rain_heavy=0.100
			snow=0.000
			blizzard=0.000
			arctic_water=0.000
			mud=0.000
			sandstorm=0.000
			min_snow_level=0.000
		}
	}
}
