
strategic_region={
	id=118
	name="STRATEGICREGION_118"
	provinces={
		71 469 915 949 1376 1493 2316 2617 3182 3449 3543 3835 3956 3991 4148 4253 5072 5238 5485 5658 5681 5707 5749 5802 6040 6413 6581 7120 7635 7892 8061 8145 8333 8358 9045 9262 9722 9883 10089 10192 10261 10580 17783 17820 17853 17902 18014 18023 18032 18066 18082 18089 18090 18119 18163 18169 18170 18213 18221 18245 18261 18266 18282 18288 18313 18317 18322 18323 18329 18358 18359 18360 18389 18390 18397 18443 18451 
	}
	weather={
		period={
			between={ 0.0 14.2 }
			temperature={ -10.0 35.0 }
			no_phenomenon=1.500
			rain_light=0.250
			rain_heavy=0.100
			snow=0.000
			blizzard=0.000
			arctic_water=0.000
			mud=0.000
			sandstorm=0.000
			min_snow_level=0.000
		}
	}
}
