
strategic_region={
	id=119
	name="STRATEGICREGION_119"
	provinces={
		353 459 538 924 1850 2187 2492 2775 3116 3659 3895 3902 3940 3994 4373 4777 4892 5663 5915 5946 6103 7202 7630 7668 7701 7720 7787 8543 8691 8695 8823 9179 9855 9907 10628 17633 17640 17693 17742 17767 17786 17795 17825 17914 17915 17925 17961 17988 18000 18031 18038 18052 18070 18100 18115 18118 18127 18178 18202 18212 18257 18295 
	}
	weather={
		period={
			between={ 0.0 14.2 }
			temperature={ -10.0 35.0 }
			no_phenomenon=1.500
			rain_light=0.250
			rain_heavy=0.100
			snow=0.000
			blizzard=0.000
			arctic_water=0.000
			mud=0.000
			sandstorm=0.000
			min_snow_level=0.000
		}
	}
}
