
strategic_region={
	id=12
	name="STRATEGICREGION_12"
	provinces={
		713 1188 1548 2051 2464 2642 2705 3107 3221 3302 4018 4775 5115 5219 5249 5563 6029 6050 6364 6452 6843 6866 6886 7029 7152 7417 7855 8217 8236 8814 8868 8933 8936 9134 9269 9317 9380 9423 9584 9996 10153 10216 10424 10666 10744 15887 15935 15936 15971 16007 16043 16062 16120 16141 16179 16196 16247 16295 16328 16355 16375 16376 16381 16427 16473 16526 16550 16562 16612 16629 16633 16634 16657 16750 16758 
	}
	weather={
		period={
			between={ 0.0 14.2 }
			temperature={ -10.0 35.0 }
			no_phenomenon=1.500
			rain_light=0.250
			rain_heavy=0.100
			snow=0.000
			blizzard=0.000
			arctic_water=0.000
			mud=0.000
			sandstorm=0.000
			min_snow_level=0.000
		}
	}
}
