
strategic_region={
	id=120
	name="STRATEGICREGION_120"
	provinces={
		10 55 343 875 1196 1269 1503 1661 2067 2431 2669 2863 3048 3252 3494 4086 4149 4399 4628 5837 5848 6217 7185 7716 8138 8155 8231 8604 8626 8709 9029 9068 10036 10176 10237 10300 10668 17266 17307 17350 17415 17429 17477 17478 17522 17536 17545 17553 17574 17632 17647 17665 17723 17749 17782 17801 17819 17876 17877 17885 17895 17901 17913 17921 17946 17947 17948 17956 17975 17987 17992 18006 18043 18044 18060 18069 18081 18117 18157 18167 18168 18226 18239 18265 18334 
	}
	weather={
		period={
			between={ 0.0 14.2 }
			temperature={ -10.0 35.0 }
			no_phenomenon=1.500
			rain_light=0.250
			rain_heavy=0.100
			snow=0.000
			blizzard=0.000
			arctic_water=0.000
			mud=0.000
			sandstorm=0.000
			min_snow_level=0.000
		}
	}
}
