
strategic_region={
	id=122
	name="STRATEGICREGION_122"
	provinces={
		203 213 290 545 552 555 864 1610 1618 2089 2245 2254 2451 2470 3292 3696 4087 4901 5665 5991 6137 6162 6227 6304 6548 6898 6968 6994 7095 7122 7371 7393 7585 7774 7972 8011 9345 9441 10084 16954 16979 16995 17025 17041 17048 17095 17119 17139 17159 17182 17207 17208 17229 17230 17267 17268 17287 17318 17395 17407 17416 17451 17452 17479 17554 17586 17599 17606 17653 17666 
	}
	weather={
		period={
			between={ 0.0 14.2 }
			temperature={ -10.0 35.0 }
			no_phenomenon=1.500
			rain_light=0.250
			rain_heavy=0.100
			snow=0.000
			blizzard=0.000
			arctic_water=0.000
			mud=0.000
			sandstorm=0.000
			min_snow_level=0.000
		}
	}
}
