
strategic_region={
	id=123
	name="STRATEGICREGION_123"
	provinces={
		50 199 239 543 678 683 845 890 1115 1156 1237 1254 1272 1352 1647 1677 1750 2268 2387 2603 2688 2845 2991 3010 3024 3438 3484 3633 3711 4027 4041 4301 4632 5211 5458 5712 5981 6008 6245 6278 6301 6476 6516 6643 6686 6713 7018 7315 7389 7781 7953 7967 8247 8526 8587 8679 9769 9839 9846 10023 10219 10536 10630 10717 10734 10760 18365 18425 18432 18464 18465 18486 18500 18505 18513 18514 18521 18535 18536 18540 18541 18550 18553 18562 18586 18587 18594 18604 18631 18632 18666 18674 18675 18688 18706 18719 18725 18726 18757 18780 18797 18811 18815 18816 18825 18841 18847 18848 18875 18882 18907 18911 18912 18919 18924 18930 18961 18966 18977 19031 19084 19085 19115 19216 19238 
	}
	weather={
		period={
			between={ 0.0 14.2 }
			temperature={ -10.0 35.0 }
			no_phenomenon=1.500
			rain_light=0.250
			rain_heavy=0.100
			snow=0.000
			blizzard=0.000
			arctic_water=0.000
			mud=0.000
			sandstorm=0.000
			min_snow_level=0.000
		}
	}
}
