
strategic_region={
	id=124
	name="STRATEGICREGION_124"
	provinces={
		252 391 441 457 592 638 860 1202 1234 1532 1868 1920 2444 2463 2507 2659 2936 2973 3158 3259 3312 3558 3843 4093 4275 4387 4419 4427 4454 4475 4735 4796 4832 5295 5728 5959 6022 6282 6784 6827 7028 7295 7580 7831 7965 8159 8294 8297 8399 8734 9235 9389 9529 9558 9752 10165 10539 10546 18065 18166 18189 18190 18195 18238 18244 18259 18333 18346 18347 18379 18407 18408 18433 18442 18458 18466 18471 18495 18501 18506 18537 18563 18605 18606 18607 18623 18633 18676 18677 18678 18689 18715 18733 18740 18749 18763 18776 18793 18798 18842 18843 18854 18855 18908 19033 
	}
	weather={
		period={
			between={ 0.0 14.2 }
			temperature={ -10.0 35.0 }
			no_phenomenon=1.500
			rain_light=0.250
			rain_heavy=0.100
			snow=0.000
			blizzard=0.000
			arctic_water=0.000
			mud=0.000
			sandstorm=0.000
			min_snow_level=0.000
		}
	}
}
