
strategic_region={
	id=125
	name="STRATEGICREGION_125"
	provinces={
		84 325 648 764 881 983 1298 1428 1775 1854 1936 2075 2529 3008 3017 3246 3546 3669 4197 4659 4749 4798 4910 4937 4954 5229 5708 5956 6062 6855 7160 7782 7896 8079 8314 8761 9128 9271 9763 9775 9817 9920 10065 10182 10326 18987 18989 19032 19046 19061 19096 19107 19116 19121 19154 19159 19160 19174 19195 19227 19239 19282 19287 19307 19308 19326 19377 19392 19404 19411 19441 19453 19454 19513 19527 19548 19565 19583 19615 19616 19672 19720 
	}
	weather={
		period={
			between={ 0.0 14.2 }
			temperature={ -10.0 35.0 }
			no_phenomenon=1.500
			rain_light=0.250
			rain_heavy=0.100
			snow=0.000
			blizzard=0.000
			arctic_water=0.000
			mud=0.000
			sandstorm=0.000
			min_snow_level=0.000
		}
	}
}
