
strategic_region={
	id=126
	name="STRATEGICREGION_126"
	provinces={
		187 341 452 739 851 964 980 1044 1175 1757 1774 1861 1939 2082 2252 2380 2394 2399 2454 2672 2883 2916 2954 3030 3045 3431 3447 3585 3622 3828 3934 3984 4204 4251 4346 4463 4490 4540 4583 4606 4609 4614 4813 5046 5096 5152 5231 5488 5940 6154 6397 6660 6697 6876 7044 7208 7211 7301 7363 7483 7559 7659 7735 7895 7955 8060 8081 8156 8328 8475 8480 9433 9540 9569 9735 10066 10209 10210 10214 10324 10538 18260 18274 18357 18366 18371 18380 18416 18421 18437 18449 18481 18482 18496 18526 18529 18548 18554 18564 18588 18589 18613 18639 18645 18650 18667 18679 18690 18697 18716 18734 18735 18750 18751 18781 18782 18835 18856 18857 18861 18870 18876 18877 18896 18920 18936 18978 18979 19025 19038 19054 19087 19097 19108 19110 19117 19149 19184 19241 19242 19348 
	}
	weather={
		period={
			between={ 0.0 14.2 }
			temperature={ -10.0 35.0 }
			no_phenomenon=1.500
			rain_light=0.250
			rain_heavy=0.100
			snow=0.000
			blizzard=0.000
			arctic_water=0.000
			mud=0.000
			sandstorm=0.000
			min_snow_level=0.000
		}
	}
}
