
strategic_region={
	id=127
	name="STRATEGICREGION_127"
	provinces={
		656 942 1075 1134 1174 1561 2247 2389 2486 2526 2923 3058 3168 3197 3339 3395 3499 3733 3839 4750 4872 5153 5393 5493 5842 5882 5918 6140 6497 6792 6982 7736 7777 8575 8576 8898 9080 9159 9412 9772 9982 10096 10400 10480 10542 10563 10663 10767 18981 19018 19140 19141 19162 19185 19196 19204 19218 19255 19299 19311 19312 19318 19355 19362 19378 19379 19438 19445 19465 19466 19481 19496 19523 19528 19549 19558 19559 19570 19579 19603 19631 19632 19677 19684 19714 19722 19730 19754 19758 19763 19773 19790 19793 19817 19845 19846 19849 19855 19862 19885 19888 19893 19934 
	}
	weather={
		period={
			between={ 0.0 14.2 }
			temperature={ -10.0 35.0 }
			no_phenomenon=1.500
			rain_light=0.250
			rain_heavy=0.100
			snow=0.000
			blizzard=0.000
			arctic_water=0.000
			mud=0.000
			sandstorm=0.000
			min_snow_level=0.000
		}
	}
}
