
strategic_region={
	id=128
	name="STRATEGICREGION_128"
	provinces={
		49 177 285 322 628 887 932 934 1144 1535 1543 1718 1914 1924 2058 2355 2383 2484 2580 2947 3240 3248 3363 3553 3853 4044 4072 4077 4225 4229 4867 5289 5315 5352 5360 5386 5418 5829 5890 6164 6297 6472 6484 6639 6733 6931 7034 7153 7188 7599 7613 7683 7734 7854 7900 8055 8104 8257 8315 8317 8434 8482 8718 8807 8821 9014 9027 9189 9201 9290 9438 9464 9548 9699 9718 9933 10113 10407 10624 18467 18497 18515 18522 18530 18555 18565 18581 18600 18619 18620 18624 18640 18668 18680 18684 18707 18708 18709 18717 18752 18753 18770 18771 18794 18817 18826 18829 18862 18871 18913 18967 18980 18990 18991 19026 19039 19047 19088 19089 19090 19135 19139 19150 19203 19208 19217 19254 19273 19321 19327 19331 19354 
	}
	weather={
		period={
			between={ 0.0 14.2 }
			temperature={ -10.0 35.0 }
			no_phenomenon=1.500
			rain_light=0.250
			rain_heavy=0.100
			snow=0.000
			blizzard=0.000
			arctic_water=0.000
			mud=0.000
			sandstorm=0.000
			min_snow_level=0.000
		}
	}
}
