
strategic_region={
	id=129
	name="STRATEGICREGION_129"
	provinces={
		140 150 293 629 652 663 715 1262 1291 1458 1743 1756 1780 1965 2278 2547 2611 2801 3105 3275 3285 3327 3806 3811 3985 4156 4207 4392 4438 4595 4712 4745 4752 4912 5603 5654 5723 5963 6152 6283 6407 6889 7113 7117 7139 7522 7694 7974 8152 8525 8660 9312 9411 9760 10035 10217 10390 10487 10565 10786 19310 19322 19386 19393 19437 19444 19464 19488 19505 19522 19536 19541 19569 19586 19590 19612 19618 19642 19653 19654 19676 19683 19704 19705 19718 19721 19729 19740 19741 19748 19772 19789 19814 19828 19837 19841 19854 19860 19861 19879 19887 19926 19927 19928 19952 19959 
	}
	weather={
		period={
			between={ 0.0 14.2 }
			temperature={ -10.0 35.0 }
			no_phenomenon=1.500
			rain_light=0.250
			rain_heavy=0.100
			snow=0.000
			blizzard=0.000
			arctic_water=0.000
			mud=0.000
			sandstorm=0.000
			min_snow_level=0.000
		}
	}
}
