
strategic_region={
	id=13
	name="STRATEGICREGION_13"
	provinces={
		270 419 450 655 759 1826 2037 2504 2630 2685 2840 3078 3172 3254 3329 3684 4008 4065 4123 4243 4553 4584 4742 5181 5256 5487 5530 5625 5648 5768 5884 5971 5992 6174 6234 6322 6607 6820 6867 7313 7448 7501 7641 7718 8013 8274 8373 8481 8527 8857 9282 9300 9394 9501 9666 9679 9719 9845 10102 10183 10622 13058 13080 13083 13084 13113 13117 13135 13140 13154 13159 13168 13174 13180 13181 13182 13195 13211 13214 13218 13233 13234 13237 13245 13248 13249 13261 13264 13290 13305 13322 13323 13334 13343 13360 13373 13397 13399 13412 13420 13425 13446 13466 13482 13517 
	}
	weather={
		period={
			between={ 0.0 14.2 }
			temperature={ -10.0 35.0 }
			no_phenomenon=1.500
			rain_light=0.250
			rain_heavy=0.100
			snow=0.000
			blizzard=0.000
			arctic_water=0.000
			mud=0.000
			sandstorm=0.000
			min_snow_level=0.000
		}
	}
}
