
strategic_region={
	id=130
	name="STRATEGICREGION_130"
	provinces={
		151 171 300 488 603 622 973 1312 1498 1704 1742 1839 2512 2524 2667 2968 3364 3538 3657 3676 3692 3720 3840 4206 4420 4564 5236 5340 5779 6262 6266 6288 6837 7070 7407 7423 7472 7562 8024 8286 8736 9026 9051 9130 9198 9549 9592 9617 9632 9723 9915 10416 10516 10525 19008 19086 19134 19161 19179 19202 19246 19277 19278 19303 19309 19330 19337 19360 19361 19375 19398 19429 19442 19463 19473 19487 19520 19555 19576 19577 19588 19589 19592 19600 19602 19617 19629 19640 19666 19685 19708 19716 19717 19727 19737 19753 19757 19766 19780 
	}
	weather={
		period={
			between={ 0.0 14.2 }
			temperature={ -10.0 35.0 }
			no_phenomenon=1.500
			rain_light=0.250
			rain_heavy=0.100
			snow=0.000
			blizzard=0.000
			arctic_water=0.000
			mud=0.000
			sandstorm=0.000
			min_snow_level=0.000
		}
	}
}
