
strategic_region={
	id=131
	name="STRATEGICREGION_131"
	provinces={
		95 531 718 756 779 1118 1280 1394 1468 1692 1909 1996 2340 2538 2666 2780 2881 2938 2955 3205 3265 3286 3352 3409 3461 3670 4295 4413 4785 4949 5040 5108 5122 5539 5790 5847 5955 6353 6477 6719 6740 6761 6881 7035 7072 7178 7364 7429 7437 7610 7759 8014 8528 8597 8928 9346 9717 10090 10280 10410 10598 10659 10699 10774 19584 19599 19659 19665 19696 19700 19707 19744 19747 19761 19762 19771 19783 19788 19803 19804 19812 19819 19827 19835 19838 19842 19843 19853 19858 19865 19866 19871 19872 19875 19877 19878 19882 19902 19903 19907 19908 19912 19917 19921 19925 19935 19936 19940 19956 19968 19969 19972 19980 19992 19997 19998 20019 20023 20026 20041 
	}
	weather={
		period={
			between={ 0.0 14.2 }
			temperature={ -10.0 35.0 }
			no_phenomenon=1.500
			rain_light=0.250
			rain_heavy=0.100
			snow=0.000
			blizzard=0.000
			arctic_water=0.000
			mud=0.000
			sandstorm=0.000
			min_snow_level=0.000
		}
	}
}
