
strategic_region={
	id=132
	name="STRATEGICREGION_132"
	provinces={
		72 416 972 1275 1426 1590 1785 2241 2606 2634 2657 2696 2748 3230 3465 3774 3970 4135 4378 4781 4823 4842 5201 5206 5307 5403 5457 5614 5645 5698 5778 6002 6221 6312 6327 6376 6422 6483 6539 6586 6949 7031 7179 7361 7524 7611 7850 7924 8316 8318 8380 8798 8843 9388 9598 9902 10241 10335 10780 19839 19859 19867 19868 19883 19886 19894 19897 19904 19905 19909 19913 19918 19942 19945 19946 19947 19957 19958 19973 19976 19982 19989 19993 19999 20000 20004 20010 20013 20020 20029 20031 20033 20035 20045 20051 20057 20058 20063 20064 20065 20078 20079 20083 20102 
	}
	weather={
		period={
			between={ 0.0 14.2 }
			temperature={ -10.0 35.0 }
			no_phenomenon=1.500
			rain_light=0.250
			rain_heavy=0.100
			snow=0.000
			blizzard=0.000
			arctic_water=0.000
			mud=0.000
			sandstorm=0.000
			min_snow_level=0.000
		}
	}
}
