
strategic_region={
	id=14
	name="STRATEGICREGION_14"
	provinces={
		139 157 481 1607 2249 2523 2831 4819 4986 5247 5911 6687 6915 7405 7815 8961 9601 9794 10112 10198 10260 19937 19966 19986 20005 20018 20022 20030 20037 20052 20056 20060 20067 20093 20104 20106 20107 20115 20116 20220 20333 20337 20338 20356 20395 20398 20480 20481 20493 20542 20643 20700 20705 20800 
	}
	weather={
		period={
			between={ 0.0 14.2 }
			temperature={ -10.0 35.0 }
			no_phenomenon=1.500
			rain_light=0.250
			rain_heavy=0.100
			snow=0.000
			blizzard=0.000
			arctic_water=0.000
			mud=0.000
			sandstorm=0.000
			min_snow_level=0.000
		}
	}
}
