
strategic_region={
	id=143
	name="STRATEGICREGION_143"
	provinces={
		223 518 542 600 611 940 1014 1091 1898 2239 2270 2282 2557 2560 2651 2851 2905 3026 3152 3272 3393 3547 3632 3646 3695 3700 3708 3760 3906 4020 4509 4542 5673 6098 6257 6383 6478 6971 7080 7107 7127 7199 7948 8030 8270 8326 8341 8369 8507 8770 8803 8991 9132 9319 9338 9583 9596 9785 9879 9892 9959 10491 11241 11254 11261 11272 11277 11291 11298 11300 11301 11306 11325 11342 11347 11350 11361 11364 11377 11391 11399 11405 11417 11437 11441 11442 11459 11460 11463 11466 11478 11490 11496 11507 11508 11515 11531 11533 11537 11538 11539 11548 11563 11564 11574 11589 11590 11608 11612 11629 11632 11656 11663 11669 11671 11672 11695 11701 11720 11740 11741 11748 11754 11755 
	}
	weather={
		period={
			between={ 0.0 14.2 }
			temperature={ -10.0 35.0 }
			no_phenomenon=1.500
			rain_light=0.250
			rain_heavy=0.100
			snow=0.000
			blizzard=0.000
			arctic_water=0.000
			mud=0.000
			sandstorm=0.000
			min_snow_level=0.000
		}
	}
}
