
strategic_region={
	id=144
	name="STRATEGICREGION_144"
	provinces={
		32 126 735 741 1012 1136 1253 1326 1327 1385 1414 1463 1497 1513 1572 1628 1982 2386 2461 2595 2681 2759 2789 2873 2960 3062 3151 3163 3836 3998 4510 4641 4700 4718 4740 5210 5258 5415 5594 6017 6023 6212 6305 6426 6622 6806 6984 7064 7218 7515 8036 8522 8563 8579 8580 9155 9233 9254 9510 9756 9893 9987 10060 10253 10306 10447 10456 10470 10471 12447 12455 12478 12495 12511 12534 12602 12644 12667 12673 12707 12727 12734 12738 12765 12766 12771 12772 12783 12792 12819 12833 12841 12845 12868 12869 12870 12888 12916 12917 12918 12933 12949 12970 12974 12984 12993 13006 13007 13016 13021 13029 13033 13063 13074 13082 13090 13104 13119 13120 13131 13137 13147 13164 13170 13184 13185 
	}
	weather={
		period={
			between={ 0.0 14.2 }
			temperature={ -10.0 35.0 }
			no_phenomenon=1.500
			rain_light=0.250
			rain_heavy=0.100
			snow=0.000
			blizzard=0.000
			arctic_water=0.000
			mud=0.000
			sandstorm=0.000
			min_snow_level=0.000
		}
	}
}
