
strategic_region={
	id=145
	name="STRATEGICREGION_145"
	provinces={
		278 330 530 623 898 947 1071 1167 1454 1490 1515 1719 1771 1869 1990 2066 2440 2546 2590 2653 2928 2930 2961 3046 3939 4284 4653 4687 4739 4988 5365 5378 5435 5605 5682 5885 6112 6216 6402 6488 6701 6764 6980 7102 7412 7447 7847 8188 8199 8200 8244 8437 8690 8717 8925 9031 10083 10243 10322 10364 10675 12145 12186 12194 12300 12301 12320 12335 12343 12360 12397 12407 12414 12458 12496 12546 12551 12558 12568 12589 12597 12606 12616 12617 12634 12655 12674 12678 12694 12708 12723 12724 12776 12784 12785 12793 12814 12820 12846 12847 12901 12956 12978 12985 13034 13057 13064 13075 
	}
	weather={
		period={
			between={ 0.0 14.2 }
			temperature={ -10.0 35.0 }
			no_phenomenon=1.500
			rain_light=0.250
			rain_heavy=0.100
			snow=0.000
			blizzard=0.000
			arctic_water=0.000
			mud=0.000
			sandstorm=0.000
			min_snow_level=0.000
		}
	}
}
