
strategic_region={
	id=146
	name="STRATEGICREGION_146"
	provinces={
		228 474 567 581 605 670 797 981 1288 1289 1697 1732 1852 1941 2222 2365 2979 3015 3088 3236 3243 3247 3370 3519 3561 3788 3795 4139 4305 4602 4815 5078 5277 5326 5470 5554 5751 6670 6934 7335 7938 8195 8639 8874 8884 8985 9089 9190 9200 9539 9609 9624 9714 9716 9861 9868 9969 10171 10323 10380 10445 10692 11761 11780 11782 11788 11789 11794 11804 11805 11806 11811 11812 11818 11832 11845 11852 11853 11854 11861 11862 11896 11897 11906 11913 11918 11921 11951 11955 11956 11957 11967 11994 12009 12014 12024 12025 12030 12039 12045 12054 12064 12076 12081 12082 12083 12093 12094 12097 12103 12122 12135 12158 12159 12160 12170 12182 12185 12198 12207 12212 12235 12243 12249 12256 12295 12309 
	}
	weather={
		period={
			between={ 0.0 14.2 }
			temperature={ -10.0 35.0 }
			no_phenomenon=1.500
			rain_light=0.250
			rain_heavy=0.100
			snow=0.000
			blizzard=0.000
			arctic_water=0.000
			mud=0.000
			sandstorm=0.000
			min_snow_level=0.000
		}
	}
}
