
strategic_region={
	id=147
	name="STRATEGICREGION_147"
	provinces={
		96 415 558 1539 1555 1629 1746 1865 2072 2318 2536 3463 3896 4122 4541 4953 5347 6317 6506 7799 7940 8208 8702 8922 9526 9741 10152 10427 10450 10740 12259 12267 12274 12289 12308 12318 12323 12331 12357 12365 12376 12380 12384 12399 12423 12435 12466 12472 12487 12504 12514 12557 12588 12684 
	}
	weather={
		period={
			between={ 0.0 14.2 }
			temperature={ -10.0 35.0 }
			no_phenomenon=1.500
			rain_light=0.250
			rain_heavy=0.100
			snow=0.000
			blizzard=0.000
			arctic_water=0.000
			mud=0.000
			sandstorm=0.000
			min_snow_level=0.000
		}
	}
}
