
strategic_region={
	id=15
	name="STRATEGICREGION_15"
	provinces={
		6 127 215 486 1060 1292 1912 1937 2038 2248 2670 3332 3388 3917 3941 4217 4315 4457 4839 5184 5445 5978 6958 7268 7351 7608 7625 7812 8018 8049 8232 8368 8472 8551 9212 9221 9374 9476 9606 9779 9807 9808 10027 10679 13158 13172 13194 13203 13209 13228 13229 13242 13244 13258 13274 13276 13280 13293 13294 13314 13333 13353 13359 13367 13383 13387 13388 13411 13429 13430 13431 13445 13456 13464 13465 13477 13481 13490 13495 13498 13499 13508 13525 13542 13549 13570 
	}
	weather={
		period={
			between={ 0.0 14.2 }
			temperature={ -10.0 35.0 }
			no_phenomenon=1.500
			rain_light=0.250
			rain_heavy=0.100
			snow=0.000
			blizzard=0.000
			arctic_water=0.000
			mud=0.000
			sandstorm=0.000
			min_snow_level=0.000
		}
	}
}
