
strategic_region={
	id=157
	name="STRATEGICREGION_157"
	provinces={
		20 421 427 436 773 841 1133 1351 1952 2537 2726 2767 2915 2948 3007 3282 3317 4269 4508 5033 5169 5646 5710 5735 5783 6355 6467 6584 6745 7216 8020 8347 8637 9327 9992 10190 10197 10208 10728 10751 10859 10877 10887 10891 10892 10893 10913 10917 10923 10930 10948 10953 10958 10973 10984 10994 11003 11012 11018 11019 11028 11038 11048 11049 11051 11061 11090 11093 11112 11114 11140 11163 
	}
	weather={
		period={
			between={ 0.0 14.2 }
			temperature={ -10.0 35.0 }
			no_phenomenon=1.500
			rain_light=0.250
			rain_heavy=0.100
			snow=0.000
			blizzard=0.000
			arctic_water=0.000
			mud=0.000
			sandstorm=0.000
			min_snow_level=0.000
		}
	}
}
