
strategic_region={
	id=158
	name="STRATEGICREGION_158"
	provinces={
		224 275 992 1019 1239 1366 1419 1696 1994 2004 2175 2202 2330 2741 2747 2827 2836 2946 3394 3702 3865 4095 4202 4489 4560 5032 5128 5337 5490 5691 5693 5786 6044 6514 6672 7252 7959 7982 7993 8093 8382 8409 8602 8724 8902 8981 9038 9084 9147 9276 9398 9445 9477 9798 10024 10680 10691 10778 11400 11420 11458 11461 11477 11482 11483 11501 11518 11529 11559 11562 11581 11582 11586 11597 11606 11627 11653 11654 11686 11700 11719 11734 11739 11742 11743 11786 11787 11797 11802 11803 11808 11824 11835 11838 11839 11844 11860 11872 11879 11882 11886 11912 11917 11930 11932 11946 11950 11966 12008 
	}
	weather={
		period={
			between={ 0.0 14.2 }
			temperature={ -10.0 35.0 }
			no_phenomenon=1.500
			rain_light=0.250
			rain_heavy=0.100
			snow=0.000
			blizzard=0.000
			arctic_water=0.000
			mud=0.000
			sandstorm=0.000
			min_snow_level=0.000
		}
	}
}
