
strategic_region={
	id=159
	name="STRATEGICREGION_159"
	provinces={
		785 1077 1244 1430 1570 1683 1685 2160 2266 2496 2501 2911 3125 3504 3582 4263 4316 4529 4558 4605 4827 4854 4975 5235 5834 6015 6208 6390 6819 7280 7409 7459 8106 8193 8220 8426 8501 8530 8616 8714 9119 10196 10404 10497 10519 10667 10795 10796 10799 10801 10803 10806 10807 10813 10821 10834 10838 10839 10848 10852 10853 10882 10883 10884 10899 10902 10903 10920 10921 10932 10933 10939 10956 10960 10965 10966 10983 10998 11005 11027 11041 11056 
	}
	weather={
		period={
			between={ 0.0 14.2 }
			temperature={ -10.0 35.0 }
			no_phenomenon=1.500
			rain_light=0.250
			rain_heavy=0.100
			snow=0.000
			blizzard=0.000
			arctic_water=0.000
			mud=0.000
			sandstorm=0.000
			min_snow_level=0.000
		}
	}
}
