
strategic_region={
	id=16
	name="STRATEGICREGION_16"
	provinces={
		144 367 485 705 825 826 877 1033 1082 1104 1359 1554 1655 2102 2141 2188 2286 2481 2485 2729 2806 2841 3038 3126 3214 3381 3398 3559 3813 4113 4127 4222 4287 4299 4349 4644 4671 4970 5278 5559 5606 5678 6100 6460 6702 6785 7227 7411 7526 7591 7594 7647 7746 7848 7936 8068 8153 8421 8477 8763 8984 9358 9432 9806 9895 9898 9908 10104 10166 10186 10551 10613 10782 19910 19911 19916 19933 19939 19941 19943 19944 19955 19975 19979 19991 19994 20002 20003 20008 20012 20017 20021 20025 20027 20032 20034 20038 20039 20043 20048 20049 20050 20054 20062 20069 20071 20072 20073 20075 20076 20077 20080 20082 20084 20087 20088 20092 20094 20095 20096 20097 20099 20100 20108 20111 20113 20117 20118 20122 20123 
	}
	weather={
		period={
			between={ 0.0 14.2 }
			temperature={ -10.0 35.0 }
			no_phenomenon=1.500
			rain_light=0.250
			rain_heavy=0.100
			snow=0.000
			blizzard=0.000
			arctic_water=0.000
			mud=0.000
			sandstorm=0.000
			min_snow_level=0.000
		}
	}
}
