
strategic_region={
	id=160
	name="STRATEGICREGION_160"
	provinces={
		249 326 444 509 794 1098 1109 1442 2197 2328 2362 2403 2751 2776 2997 3314 3333 3537 3640 3710 3858 4167 4471 4506 4588 4697 4711 4803 4877 4978 5368 5492 5615 5677 5893 6175 6445 6448 6621 6681 6722 7111 7205 7712 8071 8124 8253 8499 8681 8941 9035 9497 9648 10161 10600 10654 11060 11091 11096 11108 11117 11131 11143 11153 11158 11159 11168 11170 11177 11180 11181 11188 11196 11199 11214 11224 11234 11242 11243 11256 11258 11270 11280 11290 11297 11312 11328 11334 11339 11360 11370 11373 11381 11397 11398 11410 11423 11432 11439 11445 
	}
	weather={
		period={
			between={ 0.0 14.2 }
			temperature={ -10.0 35.0 }
			no_phenomenon=1.500
			rain_light=0.250
			rain_heavy=0.100
			snow=0.000
			blizzard=0.000
			arctic_water=0.000
			mud=0.000
			sandstorm=0.000
			min_snow_level=0.000
		}
	}
}
