
strategic_region={
	id=161
	name="STRATEGICREGION_161"
	provinces={
		52 320 696 919 967 1101 1362 1494 2033 2221 2889 3482 3540 3818 3867 3911 4452 4631 4662 4765 5059 5176 5420 5479 5748 5806 5906 6196 6242 6313 6893 6960 7487 7572 7662 7666 7707 7991 8598 8701 9498 9979 10577 10987 10993 11010 11053 11071 11078 11080 11092 11111 11118 11125 11126 11132 11135 11138 11154 11160 11192 11194 11201 11208 11211 11213 11217 11222 11237 11251 11260 11264 11281 11307 11318 11324 11329 11362 11382 11404 11407 
	}
	weather={
		period={
			between={ 0.0 14.2 }
			temperature={ -10.0 35.0 }
			no_phenomenon=1.500
			rain_light=0.250
			rain_heavy=0.100
			snow=0.000
			blizzard=0.000
			arctic_water=0.000
			mud=0.000
			sandstorm=0.000
			min_snow_level=0.000
		}
	}
}
