
strategic_region={
	id=162
	name="STRATEGICREGION_162"
	provinces={
		19 434 1107 1232 1233 1779 2171 2201 2813 2959 2988 3133 3857 4470 4736 5061 5504 5512 5553 5737 6462 6895 7017 8101 8171 9831 11017 11024 11042 11043 11044 11050 11057 11066 11068 11072 11075 11081 11085 11086 11105 11124 11127 11130 11139 11141 11150 11171 11189 11215 
	}
	weather={
		period={
			between={ 0.0 14.2 }
			temperature={ -10.0 35.0 }
			no_phenomenon=1.500
			rain_light=0.250
			rain_heavy=0.100
			snow=0.000
			blizzard=0.000
			arctic_water=0.000
			mud=0.000
			sandstorm=0.000
			min_snow_level=0.000
		}
	}
}
