
strategic_region={
	id=163
	name="STRATEGICREGION_163"
	provinces={
		25 174 632 707 979 1013 1178 1281 1450 1537 1902 1930 2146 2297 2329 2500 2658 3549 4362 4829 6127 6167 6489 6572 6657 6911 7239 7271 7320 7328 7374 7780 7824 7935 8040 8676 8747 9305 9418 9435 9805 10029 10374 10429 10745 10800 10802 10804 10808 10809 10810 10815 10817 10820 10837 10840 10846 10850 10854 10856 10857 10858 10867 10871 10874 10876 10885 10886 10890 10895 10900 10904 10922 10926 10929 10957 10961 10978 10995 11011 
	}
	weather={
		period={
			between={ 0.0 14.2 }
			temperature={ -10.0 35.0 }
			no_phenomenon=1.500
			rain_light=0.250
			rain_heavy=0.100
			snow=0.000
			blizzard=0.000
			arctic_water=0.000
			mud=0.000
			sandstorm=0.000
			min_snow_level=0.000
		}
	}
}
