
strategic_region={
	id=165
	name="STRATEGICREGION_165"
	provinces={
		167 332 728 752 948 991 1429 1496 1508 1627 1705 2017 2104 2116 2168 2257 2272 2338 2618 2742 2819 3365 3615 3666 3782 3785 3786 4024 4327 4339 4376 4385 4502 4604 4694 4766 4898 5056 5189 5564 5670 5747 6133 6195 6213 6649 6923 7108 7281 7323 7336 7440 7463 7537 7581 7801 7849 7973 7975 8035 8047 8128 8149 8357 8381 8432 8947 8972 8979 9207 9289 9384 9413 10039 10173 10257 10266 10391 10395 10440 10535 10545 10567 10591 11221 11229 11230 11239 11246 11248 11252 11257 11269 11276 11284 11289 11299 11311 11316 11317 11323 11327 11333 11357 11358 11368 11369 11372 11389 11390 11392 11396 11402 11403 11409 11430 11431 11434 11449 11457 11468 11473 11481 11488 11493 11495 11506 11512 11522 11528 11544 11554 11570 11573 11580 11585 11591 11594 11596 11600 11601 11618 11625 11626 11638 11639 11644 11645 11650 11662 11681 11682 11684 11685 11704 11717 11718 11728 11747 11753 11775 11779 11796 11817 11823 
	}
	weather={
		period={
			between={ 0.0 14.2 }
			temperature={ -10.0 35.0 }
			no_phenomenon=1.500
			rain_light=0.250
			rain_heavy=0.100
			snow=0.000
			blizzard=0.000
			arctic_water=0.000
			mud=0.000
			sandstorm=0.000
			min_snow_level=0.000
		}
	}
}
