
strategic_region={
	id=168
	name="STRATEGICREGION_168"
	provinces={
		765 834 1321 1371 1602 1899 2412 2450 2613 2987 3114 3147 3160 3211 3405 3716 4300 4318 4447 4499 4891 4893 5753 5867 6086 6421 6425 6611 6940 7052 7998 8345 8748 8828 9258 9512 9799 10233 10443 10505 13502 13516 13532 13536 13541 13548 13556 13582 13603 13632 13642 13650 13658 13677 13678 13684 13699 13704 13719 13772 13790 13791 13801 13848 13853 13862 13898 13899 13911 13929 13930 13931 13961 13993 14017 14028 14054 14068 14122 14208 14251 14272 14308 14335 14415 14432 14481 14491 14536 20150 20152 20266 20276 20278 20284 20319 20464 20474 20568 20692 20751 20777 
	}
	naval_terrain=water_shallow_sea
	weather={
		period={
			between={ 0.0 14.2 }
			temperature={ -10.0 35.0 }
			no_phenomenon=1.500
			rain_light=0.250
			rain_heavy=0.100
			snow=0.000
			blizzard=0.000
			arctic_water=0.000
			mud=0.000
			sandstorm=0.000
			min_snow_level=0.000
		}
	}
}
