
strategic_region={
	id=17
	name="STRATEGICREGION_17"
	provinces={
		218 257 726 1017 1364 1378 1728 1740 1835 2226 3028 3051 3064 3244 3445 3606 3730 4180 4639 5282 5463 5640 5810 5894 6059 6185 6553 6725 6749 6863 6905 6954 7416 7426 7644 7711 8340 9786 9985 10204 10444 10694 10696 10785 13802 13834 13835 13854 13855 13860 13912 13946 14000 14020 14046 14056 14069 14082 14107 14132 14138 14139 14159 14210 14216 14231 14245 14254 14293 14322 14342 14358 14370 14383 14401 14472 14493 14522 14556 14584 14627 
	}
	weather={
		period={
			between={ 0.0 14.2 }
			temperature={ -10.0 35.0 }
			no_phenomenon=1.500
			rain_light=0.250
			rain_heavy=0.100
			snow=0.000
			blizzard=0.000
			arctic_water=0.000
			mud=0.000
			sandstorm=0.000
			min_snow_level=0.000
		}
	}
}
