
strategic_region={
	id=173
	name="STRATEGICREGION_173"
	provinces={
		23 28 227 327 408 527 539 776 1043 1048 1379 1523 1540 1658 1789 1889 1895 1981 2092 2111 2117 2120 2127 2191 2228 2253 2356 2627 2773 2792 2798 2880 2888 2890 2912 3059 3238 3280 3341 3353 3369 3373 3390 3488 3662 3765 3819 3837 3847 3932 3955 4040 4080 4174 4379 4554 4557 4637 4703 4759 4974 4987 5127 5135 5330 5391 5401 5440 5716 5861 6036 6055 6097 6290 6298 6398 6636 6817 6851 6875 7013 7036 7055 7121 7137 7150 7250 7478 7615 7678 7754 7822 7923 8072 8163 8281 8304 8332 8446 8455 8554 8993 9025 9104 9238 9287 9313 9365 9369 9457 9489 9491 9496 9518 9661 9681 9834 9955 9990 10063 10244 10270 10313 10473 10623 10649 10651 10725 15911 15912 15959 16004 16031 16085 16100 16137 16153 16154 16470 16492 16525 16538 16549 16568 16592 16611 16627 16628 16665 16678 16689 16690 16735 16756 16782 16823 16886 16937 16966 17013 17014 17015 17016 17021 17032 17061 17081 17091 17102 17127 17144 17164 17165 17203 17218 17227 17242 17313 17328 17391 17397 17398 17446 17447 17459 17465 17466 17475 17484 17506 17519 17525 17530 17531 17532 17550 17559 17592 17593 17602 17610 17619 17629 17630 17631 17655 17679 17690 17695 17713 17727 17728 17735 17746 17791 17849 17862 17872 17918 17930 17936 17959 17965 17973 17998 18010 18042 18047 18056 18123 18130 18148 18173 18193 18208 18218 18230 18258 18264 18267 18278 18286 18331 18343 18392 18403 18414 18439 18491 18509 18567 18601 18615 18702 20137 20174 20213 20272 20342 20347 20383 20462 20536 20586 20638 20644 20702 20712 
	}
	weather={
		period={
			between={ 0.0 14.2 }
			temperature={ -10.0 35.0 }
			no_phenomenon=1.500
			rain_light=0.250
			rain_heavy=0.100
			snow=0.000
			blizzard=0.000
			arctic_water=0.000
			mud=0.000
			sandstorm=0.000
			min_snow_level=0.000
		}
	}
}
