
strategic_region={
	id=175
	name="STRATEGICREGION_175"
	provinces={
		522 953 1296 1459 1569 1606 1650 1735 2065 2163 2565 2609 2712 2922 3316 3574 3639 3719 3766 3826 3893 3926 4101 4141 4227 4248 4277 4491 5009 5339 5408 5462 5754 5815 5874 5875 6096 6461 6482 6518 6567 6578 6613 6788 7357 7545 7597 7729 7946 8103 8292 8394 8490 8610 8873 8889 8992 9087 9194 9206 9421 9929 9994 10220 10258 10789 14454 14499 14569 14621 14633 14678 14685 14700 14714 14724 14725 14739 14744 14760 14803 14837 14855 14862 14871 14877 14890 14920 14927 14942 14951 14970 15035 15036 15077 15084 15096 15118 15129 15130 15139 15140 15182 15183 15197 15208 15215 15235 15328 15334 15343 15391 15413 15426 15458 15471 15480 15523 15569 15580 15605 15634 15643 15657 15666 15712 15745 15770 15771 15808 15842 15846 15897 15902 15920 15930 20341 20418 20538 20670 20788 
	}
	weather={
		period={
			between={ 0.0 14.2 }
			temperature={ -10.0 35.0 }
			no_phenomenon=1.500
			rain_light=0.250
			rain_heavy=0.100
			snow=0.000
			blizzard=0.000
			arctic_water=0.000
			mud=0.000
			sandstorm=0.000
			min_snow_level=0.000
		}
	}
}
