
strategic_region={
	id=178
	name="STRATEGICREGION_178"
	provinces={
		66 482 894 1027 1329 1421 1567 2628 2918 3603 3860 4734 5091 5841 6260 6427 6743 7096 7223 7468 7856 8074 8456 8474 8860 9694 9730 9853 10040 10073 16452 16479 16558 16573 16578 16585 16631 16717 16752 16761 16817 16821 16831 16880 16894 16939 16955 16959 16973 16997 17018 17019 17043 17121 17146 17147 17190 17340 17354 20235 20366 20374 20602 20636 
	}
	weather={
		period={
			between={ 0.0 14.2 }
			temperature={ -10.0 35.0 }
			no_phenomenon=1.500
			rain_light=0.250
			rain_heavy=0.100
			snow=0.000
			blizzard=0.000
			arctic_water=0.000
			mud=0.000
			sandstorm=0.000
			min_snow_level=0.000
		}
	}
}
