
strategic_region={
	id=179
	name="STRATEGICREGION_179"
	provinces={
		60 262 570 634 724 1170 1574 1600 1827 2115 2185 2273 2808 2874 2887 3005 3278 3310 3422 3498 3588 3723 3944 4096 4097 4380 4543 4594 4669 4824 4921 5002 5269 5359 5397 5567 5700 6070 6163 6323 6410 6499 6561 6608 6776 6963 6969 7125 7143 7182 7643 7674 7886 7894 7908 8043 8076 8206 8400 8778 9021 9185 9260 9454 10618 17496 17523 17576 17600 17601 17641 17661 17685 17731 17760 17812 17826 17835 17854 17855 17896 17904 17916 17942 17993 17994 18007 18024 18040 18053 18071 18072 18084 18105 18151 18158 18206 18227 18262 18275 18289 18301 18314 18318 18324 18348 18372 18398 18401 18409 18426 18438 18450 18459 18472 18473 18487 18516 18538 18542 18556 18557 18569 18574 18595 18608 18625 18634 18641 18651 18656 18669 18671 18691 18698 18744 18745 18783 18787 18799 18800 18849 18863 18962 20189 20307 20312 20502 20793 
	}
	weather={
		period={
			between={ 0.0 14.2 }
			temperature={ -10.0 35.0 }
			no_phenomenon=1.500
			rain_light=0.250
			rain_heavy=0.100
			snow=0.000
			blizzard=0.000
			arctic_water=0.000
			mud=0.000
			sandstorm=0.000
			min_snow_level=0.000
		}
	}
}
