
strategic_region={
	id=18
	name="STRATEGICREGION_18"
	provinces={
		3 180 286 569 902 929 954 1095 1096 1127 1619 1797 2190 2347 2809 3219 3232 3736 3949 4497 4869 4980 5000 5126 5321 5346 5456 5811 6005 6007 6223 6369 6910 6977 7027 7151 7213 7275 7553 7745 7814 8186 8248 8355 8634 8938 9082 9101 9204 9308 9670 9899 9953 10160 10296 10331 10570 10713 19082 19170 19176 19193 19206 19215 19232 19233 19271 19274 19344 19350 19368 19401 19450 19460 19461 19484 19502 19516 19597 19624 19634 19657 19668 19691 19695 19702 19706 19712 19742 19745 19760 19785 19792 19810 19822 19829 19830 19836 19847 19851 19864 
	}
	weather={
		period={
			between={ 0.0 14.2 }
			temperature={ -10.0 35.0 }
			no_phenomenon=1.500
			rain_light=0.250
			rain_heavy=0.100
			snow=0.000
			blizzard=0.000
			arctic_water=0.000
			mud=0.000
			sandstorm=0.000
			min_snow_level=0.000
		}
	}
}
