
strategic_region={
	id=180
	name="STRATEGICREGION_180"
	provinces={
		221 446 990 1267 1821 2013 2042 2046 2244 2533 3500 3511 3556 3592 3712 3744 4298 4585 4642 4964 5079 5140 5557 5621 6145 6286 6655 7406 7642 7920 8178 8182 8392 8485 8566 8664 8845 9039 9054 9283 9302 9701 9923 10611 18818 18883 18937 18982 18992 19020 19062 19071 19091 19111 19118 19163 19180 19181 19186 19219 19220 19247 19248 19261 19268 19288 19289 19338 19339 19340 19356 19365 19399 19414 19430 19455 19489 19524 19529 19530 19571 19580 19581 19604 19622 19643 19660 19667 19678 19701 19709 19715 19749 19755 19794 19821 20375 20405 20428 20678 
	}
	weather={
		period={
			between={ 0.0 14.2 }
			temperature={ -10.0 35.0 }
			no_phenomenon=1.500
			rain_light=0.250
			rain_heavy=0.100
			snow=0.000
			blizzard=0.000
			arctic_water=0.000
			mud=0.000
			sandstorm=0.000
			min_snow_level=0.000
		}
	}
}
