
strategic_region={
	id=181
	name="STRATEGICREGION_181"
	provinces={
		338 1578 1770 2230 2769 3071 3122 3134 3298 3568 3752 4255 5024 5246 5482 5854 5909 5989 6107 7427 7435 7859 8288 8463 8516 8862 9275 9440 9792 10018 10032 10139 10495 17401 17472 17547 17608 17627 17710 17761 17813 17845 17867 17976 18025 18054 18091 18101 18120 18171 18246 18373 18427 
	}
	weather={
		period={
			between={ 0.0 14.2 }
			temperature={ -10.0 35.0 }
			no_phenomenon=1.500
			rain_light=0.250
			rain_heavy=0.100
			snow=0.000
			blizzard=0.000
			arctic_water=0.000
			mud=0.000
			sandstorm=0.000
			min_snow_level=0.000
		}
	}
}
