
strategic_region={
	id=182
	name="STRATEGICREGION_182"
	provinces={
		253 312 379 386 529 649 950 994 1306 1338 1439 1509 1526 1819 1877 1910 1980 2251 2276 2320 2519 2774 2858 3057 3086 3235 3346 3557 3643 3737 3775 3877 3929 4151 4573 4578 4791 4816 4825 5063 5584 6292 6604 6717 6793 7058 7141 7235 7307 7534 7603 7636 8007 8125 8261 8348 8360 8642 8810 8865 8977 9137 9211 9538 9547 9652 9720 9774 10042 10085 10163 10320 10361 10503 10514 10689 10712 18558 18566 18575 18609 18621 18626 18635 18642 18685 18692 18710 18727 18736 18764 18777 18784 18788 18830 18836 18844 18864 18878 18892 18897 18901 18914 18921 18950 18951 18968 18999 19027 19034 19040 19064 19092 19098 19119 19122 19136 19151 19164 19172 19175 19182 19187 19205 19212 19221 19228 19229 19243 19290 19304 19319 19332 19349 19380 19381 19382 19387 19388 19412 19431 19439 19446 19456 19474 19490 19491 19506 19514 19542 19550 19572 19605 19613 19619 19623 19636 19637 19679 19694 19731 19732 19774 20582 20674 
	}
	weather={
		period={
			between={ 0.0 14.2 }
			temperature={ -10.0 35.0 }
			no_phenomenon=1.500
			rain_light=0.250
			rain_heavy=0.100
			snow=0.000
			blizzard=0.000
			arctic_water=0.000
			mud=0.000
			sandstorm=0.000
			min_snow_level=0.000
		}
	}
}
