
strategic_region={
	id=188
	name="STRATEGICREGION_188"
	provinces={
		14 21 358 362 368 708 738 814 931 961 1340 1424 1726 2030 2064 2113 2208 2423 2434 2660 2807 2823 2885 2993 3072 3099 3167 3315 3359 3528 3876 4073 4377 4416 4612 4633 4916 5001 5069 5620 5974 6058 6300 6513 6590 6750 6774 6862 6913 6988 7016 7067 7115 7161 7165 7215 7436 7485 7523 7539 7637 7684 7721 7950 7960 8540 8589 8669 8913 9230 9399 9544 9739 9818 9847 9851 9939 9970 10076 10131 10227 10245 10318 10508 10647 10677 10729 11492 11517 11558 11595 11599 11605 11617 11649 11652 11661 11673 11680 11707 11712 11732 11738 11752 11764 11773 11801 11816 11830 11831 11837 11842 11863 11869 11876 11888 11900 11904 11915 11927 11935 11936 11941 11948 11949 11978 11981 12002 12006 12060 12061 12065 12111 12112 12113 12125 12129 12147 12162 12190 12215 12238 12246 12263 12268 12298 12303 12314 12336 12345 12364 12386 
	}
	weather={
		period={
			between={ 0.0 14.2 }
			temperature={ -10.0 35.0 }
			no_phenomenon=1.500
			rain_light=0.250
			rain_heavy=0.100
			snow=0.000
			blizzard=0.000
			arctic_water=0.000
			mud=0.000
			sandstorm=0.000
			min_snow_level=0.000
		}
	}
}
