
strategic_region={
	id=189
	name="STRATEGICREGION_189"
	provinces={
		477 534 891 1388 1598 1624 1644 1703 1945 2003 2234 3068 3251 3715 3718 3861 3868 3905 3919 3962 4223 4230 4518 4519 4545 4764 4919 5147 5220 5402 5795 6048 6423 6435 6549 6709 7089 7696 7949 8240 8833 8835 8879 9017 9058 9196 9214 9242 9347 9668 10038 10431 12359 12371 12395 12402 12403 12427 12452 12491 12506 12513 12543 12583 12584 12585 12600 12619 12630 12639 12703 12709 12717 12746 12747 12796 12797 12804 12857 12858 12890 12891 12924 12943 12967 12976 12991 13009 13020 13023 13040 13067 13092 13097 13106 13124 13128 13136 
	}
	weather={
		period={
			between={ 0.0 14.2 }
			temperature={ -10.0 35.0 }
			no_phenomenon=1.500
			rain_light=0.250
			rain_heavy=0.100
			snow=0.000
			blizzard=0.000
			arctic_water=0.000
			mud=0.000
			sandstorm=0.000
			min_snow_level=0.000
		}
	}
}
