
strategic_region={
	id=190
	name="STRATEGICREGION_190"
	provinces={
		491 684 888 971 1374 1805 2081 2212 2339 2588 2949 3389 3506 3522 3915 4613 4981 4989 5427 5917 6791 6965 6970 7196 7462 7747 8612 8774 8911 8999 9356 9578 10356 10523 11850 11877 11909 11910 12012 12038 12047 12072 12073 12086 12134 12144 12148 12163 12180 12197 12210 12230 12240 12247 12254 12270 12282 12287 12304 12326 12327 12337 12354 12381 12412 12475 
	}
	weather={
		period={
			between={ 0.0 14.2 }
			temperature={ -10.0 35.0 }
			no_phenomenon=1.500
			rain_light=0.250
			rain_heavy=0.100
			snow=0.000
			blizzard=0.000
			arctic_water=0.000
			mud=0.000
			sandstorm=0.000
			min_snow_level=0.000
		}
	}
}
