
strategic_region={
	id=191
	name="STRATEGICREGION_191"
	provinces={
		58 111 763 908 925 1119 1295 1452 1664 1708 1825 1928 2162 2974 3035 3184 3859 4076 4317 4343 4367 4566 4589 4590 5093 5766 5794 5976 6080 6186 6360 6642 6986 7100 7383 7730 7884 8025 8084 8359 8416 9019 9067 9105 9209 9348 9635 9677 9791 10005 10145 10316 10346 10373 10747 11849 11889 11908 11916 11942 11943 11975 11982 11983 12016 12017 12033 12034 12062 12063 12066 12071 12114 12115 12120 12154 12155 12156 12179 12183 12191 12205 12222 12223 12239 12264 12265 12269 12281 12306 12315 12325 12341 12353 12367 12372 12378 12396 12459 12492 12500 12522 12549 
	}
	weather={
		period={
			between={ 0.0 14.2 }
			temperature={ -10.0 35.0 }
			no_phenomenon=1.500
			rain_light=0.250
			rain_heavy=0.100
			snow=0.000
			blizzard=0.000
			arctic_water=0.000
			mud=0.000
			sandstorm=0.000
			min_snow_level=0.000
		}
	}
}
