
strategic_region={
	id=192
	name="STRATEGICREGION_192"
	provinces={
		64 85 404 854 1219 1878 1961 2014 2319 2499 2637 3002 3402 3451 3541 3925 4707 4902 4999 5661 5702 5876 6565 6849 7099 7443 7775 7954 8613 8729 9406 9439 9595 9897 10382 10477 10479 12536 12554 12604 12622 12637 12643 12681 12687 12688 12710 12718 12741 12756 12773 12780 12816 12817 12831 12878 12879 12902 12907 12930 12977 12981 13000 13109 
	}
	weather={
		period={
			between={ 0.0 14.2 }
			temperature={ -10.0 35.0 }
			no_phenomenon=1.500
			rain_light=0.250
			rain_heavy=0.100
			snow=0.000
			blizzard=0.000
			arctic_water=0.000
			mud=0.000
			sandstorm=0.000
			min_snow_level=0.000
		}
	}
}
