
strategic_region={
	id=193
	name="STRATEGICREGION_193"
	provinces={
		244 515 562 593 627 989 1028 1159 1194 1403 1407 1790 1959 2012 2433 2550 3441 3552 3869 3928 3997 4221 4933 5070 5209 5301 5742 5777 5873 5900 5996 6247 6363 6519 6782 6932 7065 7277 7325 8325 8458 8518 8629 8667 8892 8900 9193 9232 9250 9286 9790 10072 10529 12355 12391 12411 12416 12432 12453 12460 12470 12497 12507 12537 12550 12560 12572 12601 12605 12608 12612 12623 12647 12670 12676 12693 12725 12730 12757 12769 12812 12823 12861 12873 12880 12884 12939 12964 
	}
	weather={
		period={
			between={ 0.0 14.2 }
			temperature={ -10.0 35.0 }
			no_phenomenon=1.500
			rain_light=0.250
			rain_heavy=0.100
			snow=0.000
			blizzard=0.000
			arctic_water=0.000
			mud=0.000
			sandstorm=0.000
			min_snow_level=0.000
		}
	}
}
