
strategic_region={
	id=195
	name="STRATEGICREGION_195"
	provinces={
		15 142 574 725 920 1201 1286 1784 2009 2417 2708 2832 2857 3102 3124 3496 3688 3833 4421 4805 5367 5416 5880 5919 6374 6850 7006 7076 7794 7821 8775 9113 9318 13298 13306 13307 13317 13324 13331 13340 13341 13349 13357 13363 13368 13389 13394 13400 13407 13414 13432 13441 13447 13454 13478 13484 13512 13513 13527 13533 13534 13543 13553 13563 13608 13624 13631 13663 
	}
	weather={
		period={
			between={ 0.0 14.2 }
			temperature={ -10.0 35.0 }
			no_phenomenon=1.500
			rain_light=0.250
			rain_heavy=0.100
			snow=0.000
			blizzard=0.000
			arctic_water=0.000
			mud=0.000
			sandstorm=0.000
			min_snow_level=0.000
		}
	}
}
