
strategic_region={
	id=197
	name="STRATEGICREGION_197"
	provinces={
		118 176 801 859 1050 1224 1405 2303 2305 2391 2644 2749 2878 4433 4645 4690 5030 5109 6028 6064 6204 6729 7360 8296 9028 9042 9149 9350 9444 10202 10359 10360 10635 10757 13125 13138 13169 13224 13250 13265 13299 13315 13325 13328 13332 13336 13337 13344 13356 13361 13395 13398 13401 13423 13442 13449 13451 13467 13485 13486 13503 
	}
	weather={
		period={
			between={ 0.0 14.2 }
			temperature={ -10.0 35.0 }
			no_phenomenon=1.500
			rain_light=0.250
			rain_heavy=0.100
			snow=0.000
			blizzard=0.000
			arctic_water=0.000
			mud=0.000
			sandstorm=0.000
			min_snow_level=0.000
		}
	}
}
