
strategic_region={
	id=198
	name="STRATEGICREGION_198"
	provinces={
		86 143 268 668 916 1575 1676 1807 2295 2419 2585 2837 4015 4064 4809 4972 5869 6089 6157 6669 7114 7214 7933 8131 8264 8383 8786 9732 10142 10357 10474 10683 13160 13175 13196 13212 13230 13238 13239 13251 13269 13277 13282 13283 13295 13313 13318 13319 13358 13371 13376 13377 13384 13390 13421 13433 13434 
	}
	weather={
		period={
			between={ 0.0 14.2 }
			temperature={ -10.0 35.0 }
			no_phenomenon=1.500
			rain_light=0.250
			rain_heavy=0.100
			snow=0.000
			blizzard=0.000
			arctic_water=0.000
			mud=0.000
			sandstorm=0.000
			min_snow_level=0.000
		}
	}
}
