
strategic_region={
	id=2
	name="STRATEGICREGION_2"
	provinces={
		437 571 966 1350 1482 1812 1971 2472 2800 3366 3406 3428 3972 4048 4274 4496 4696 4878 5816 6222 6250 6263 6922 6938 7347 7415 8118 8185 8494 9655 9863 10349 10432 10709 10749 13362 13405 13419 13422 13438 13463 13475 13510 13545 13561 13569 13627 13633 13643 13646 13651 13660 13670 13679 13686 13692 13709 13741 13751 13752 13759 13763 13816 13825 13859 13871 13872 13922 13981 
	}
	weather={
		period={
			between={ 0.0 14.2 }
			temperature={ -10.0 35.0 }
			no_phenomenon=1.500
			rain_light=0.250
			rain_heavy=0.100
			snow=0.000
			blizzard=0.000
			arctic_water=0.000
			mud=0.000
			sandstorm=0.000
			min_snow_level=0.000
		}
	}
}
