
strategic_region={
	id=202
	name="STRATEGICREGION_202"
	provinces={
		61 241 449 505 524 855 1242 1279 1489 1518 1724 1739 1822 2258 2291 2544 2639 2693 3070 3113 3207 3425 3487 3527 3571 3627 4003 4260 4306 4408 4445 4667 4886 5057 5276 5292 5618 5631 5694 5724 6218 6265 6379 6479 6508 6628 6652 6663 6840 6925 6928 7337 7353 7582 7764 7795 7835 7861 7910 7947 8026 8087 8378 8495 8504 8805 8817 8952 9537 9682 9814 9889 9896 9942 9993 10123 10290 10329 10412 10534 10643 10711 10814 10816 10822 10824 10825 10826 10828 10829 10832 10833 10835 10836 10844 10845 10847 10849 10851 10855 10862 10863 10864 10865 10866 10868 10869 10870 10875 10878 10889 10894 10898 10901 10906 10910 10911 10915 10927 10928 10931 10936 10943 10947 10950 10951 10968 10971 10972 10976 10982 10985 10988 10997 10999 11000 11001 11002 11007 11014 11022 11025 11026 11031 11032 11037 11046 11054 11055 11059 11065 11073 11084 11089 11110 11123 11136 11137 11144 11157 11167 20153 20232 20270 20289 20397 20450 20458 20473 20506 20618 20729 20731 20754 20760 
	}
	weather={
		period={
			between={ 0.0 14.2 }
			temperature={ -10.0 35.0 }
			no_phenomenon=1.500
			rain_light=0.250
			rain_heavy=0.100
			snow=0.000
			blizzard=0.000
			arctic_water=0.000
			mud=0.000
			sandstorm=0.000
			min_snow_level=0.000
		}
	}
}
