
strategic_region={
	id=204
	name="STRATEGICREGION_204"
	provinces={
		29 460 577 755 1089 1370 1594 1710 2101 2409 2435 2762 2941 3000 3154 3769 3953 5920 6052 6316 6431 6703 7521 7792 8559 8824 9085 9116 9607 9619 10094 10861 10873 10879 10880 10912 10916 10925 10937 10938 10945 10952 10954 10963 10977 10992 11004 11008 11009 11015 11016 11023 11033 11040 11047 11067 11070 11074 11079 11097 11100 11101 11107 11145 20208 20268 20603 20624 20626 20629 20762 
	}
	weather={
		period={
			between={ 0.0 14.2 }
			temperature={ -10.0 35.0 }
			no_phenomenon=1.500
			rain_light=0.250
			rain_heavy=0.100
			snow=0.000
			blizzard=0.000
			arctic_water=0.000
			mud=0.000
			sandstorm=0.000
			min_snow_level=0.000
		}
	}
}
