
strategic_region={
	id=205
	name="STRATEGICREGION_205"
	provinces={
		613 829 1126 1923 2568 2867 3378 3562 3732 3749 4332 5077 5215 5853 6199 6873 6900 7131 7262 7509 7624 7802 7862 8366 8605 8735 8830 8910 9117 9192 10114 10381 10513 11984 12007 12029 12044 12068 12080 12092 12128 12133 12141 12176 12203 12204 12234 12248 12251 12255 12257 12258 12273 12292 12293 12294 12307 12317 12339 12370 12375 12383 12413 12422 12434 12440 
	}
	weather={
		period={
			between={ 0.0 14.2 }
			temperature={ -10.0 35.0 }
			no_phenomenon=1.500
			rain_light=0.250
			rain_heavy=0.100
			snow=0.000
			blizzard=0.000
			arctic_water=0.000
			mud=0.000
			sandstorm=0.000
			min_snow_level=0.000
		}
	}
}
