
strategic_region={
	id=206
	name="STRATEGICREGION_206"
	provinces={
		248 471 827 1092 1164 1422 1474 2199 2293 2310 2573 2678 2862 3011 3142 3143 3239 3863 3884 3996 4029 5651 5755 5773 5822 5950 5993 6057 6372 6661 6742 6766 6779 7085 7244 8019 8310 8352 8449 8894 9008 9020 9161 9552 9748 10044 10087 10117 10277 10394 10528 10586 11610 11614 11667 11703 11714 11733 11774 11778 11781 11793 11871 11890 11894 11895 11901 11905 11920 11945 11963 11964 11976 12003 12013 12023 12027 12028 12043 12049 12050 12074 12075 12091 12096 12101 12102 12107 12116 12132 12140 12149 12150 12151 12165 12169 12181 12192 12193 12206 12217 12218 12226 12228 12242 12260 12276 12277 12278 12283 12284 12299 12329 12330 12348 12349 12379 
	}
	weather={
		period={
			between={ 0.0 14.2 }
			temperature={ -10.0 35.0 }
			no_phenomenon=1.500
			rain_light=0.250
			rain_heavy=0.100
			snow=0.000
			blizzard=0.000
			arctic_water=0.000
			mud=0.000
			sandstorm=0.000
			min_snow_level=0.000
		}
	}
}
