
strategic_region={
	id=207
	name="STRATEGICREGION_207"
	provinces={
		378 976 1055 1611 2601 2620 2835 3020 3040 3135 3217 3281 3966 4240 4324 4410 5331 6183 6595 6796 7655 7727 7964 8305 8393 9527 10215 12501 12502 12544 12593 12652 12653 12654 12682 12704 12705 12711 12712 12722 12743 12758 12774 12788 12798 12805 12818 12824 12842 12886 12952 13010 
	}
	weather={
		period={
			between={ 0.0 14.2 }
			temperature={ -10.0 35.0 }
			no_phenomenon=1.500
			rain_light=0.250
			rain_heavy=0.100
			snow=0.000
			blizzard=0.000
			arctic_water=0.000
			mud=0.000
			sandstorm=0.000
			min_snow_level=0.000
		}
	}
}
