
strategic_region={
	id=208
	name="STRATEGICREGION_208"
	provinces={
		754 1041 1081 1171 1177 1473 1906 1926 2325 2334 2830 2963 2970 3882 4458 4505 4597 4833 4868 4941 5099 5139 5381 5407 5570 5583 5798 5965 6020 6346 6408 6433 6521 6536 6543 6560 6945 6953 7236 7542 7574 7732 7882 7945 8092 8151 8175 8330 8764 8812 8918 9249 9385 9523 9602 9658 10086 10144 10155 10226 10377 10465 10506 11795 11851 11878 11884 11885 11911 11919 11928 11929 11944 11953 11954 11979 11980 11991 11993 12022 12035 12067 12078 12079 12087 12105 12106 12121 12126 12127 12130 12131 12157 12164 12167 12168 12173 12175 12184 12211 12216 12224 12225 12231 12241 12266 12271 12272 12288 12316 12322 12328 12338 12346 12356 12368 12373 12382 12404 12405 12420 12449 12450 12464 12481 12503 12561 
	}
	weather={
		period={
			between={ 0.0 14.2 }
			temperature={ -10.0 35.0 }
			no_phenomenon=1.500
			rain_light=0.250
			rain_heavy=0.100
			snow=0.000
			blizzard=0.000
			arctic_water=0.000
			mud=0.000
			sandstorm=0.000
			min_snow_level=0.000
		}
	}
}
