
strategic_region={
	id=21
	name="STRATEGICREGION_21"
	provinces={
		308 376 435 1037 1103 2439 2505 3231 3271 3478 3658 4396 5054 5376 5622 5675 5897 5962 6973 7045 8233 8443 9015 9199 9373 9422 9880 9962 10025 10367 10419 17204 17213 17292 17338 17345 17365 17382 17392 17412 17420 17461 17467 17542 17551 17595 17621 17637 17638 17691 17696 17752 17780 17794 17863 17864 17873 17881 
	}
	weather={
		period={
			between={ 0.0 14.2 }
			temperature={ -10.0 35.0 }
			no_phenomenon=1.500
			rain_light=0.250
			rain_heavy=0.100
			snow=0.000
			blizzard=0.000
			arctic_water=0.000
			mud=0.000
			sandstorm=0.000
			min_snow_level=0.000
		}
	}
}
