
strategic_region={
	id=213
	name="STRATEGICREGION_213"
	provinces={
		398 1056 1186 1642 1907 2650 2675 2802 3776 4322 5038 5102 5471 5589 6001 6241 6287 7088 7332 7346 7482 7622 7881 8577 8841 17541 17591 17635 17662 17676 17677 17702 17772 17784 17831 17837 17861 17893 17917 17951 17957 18019 18116 18759 18760 18802 18808 18831 18859 18887 18926 18940 18944 20293 20363 20440 20524 20560 20612 20687 20721 
	}
	weather={
		period={
			between={ 0.0 14.2 }
			temperature={ -10.0 35.0 }
			no_phenomenon=1.500
			rain_light=0.250
			rain_heavy=0.100
			snow=0.000
			blizzard=0.000
			arctic_water=0.000
			mud=0.000
			sandstorm=0.000
			min_snow_level=0.000
		}
	}
}
