
strategic_region={
	id=215
	name="STRATEGICREGION_215"
	provinces={
		405 462 909 918 1195 1354 1434 1571 1599 2327 2442 2861 2884 2913 3080 3115 3185 3430 3454 3545 3656 3771 4234 4442 5053 5117 5125 5271 5288 5588 5780 5805 5838 5966 6252 6377 6870 7299 7535 7762 7873 8058 8562 8591 8607 8826 8829 9016 9803 9844 9917 10075 10135 10175 10408 10438 10562 10625 10695 19384 19396 19413 19424 19448 19449 19458 19477 19483 19501 19543 19544 19563 19594 19595 19596 19607 19608 19626 19651 19652 19662 19673 19680 19688 19689 19690 19723 19733 19734 19738 19764 19767 19782 19784 19795 19806 19808 19809 19824 19831 19832 19833 19863 19869 19876 19919 19930 19971 
	}
	weather={
		period={
			between={ 0.0 14.2 }
			temperature={ -10.0 35.0 }
			no_phenomenon=1.500
			rain_light=0.250
			rain_heavy=0.100
			snow=0.000
			blizzard=0.000
			arctic_water=0.000
			mud=0.000
			sandstorm=0.000
			min_snow_level=0.000
		}
	}
}
