
strategic_region={
	id=216
	name="STRATEGICREGION_216"
	provinces={
		922 1568 2283 2707 3176 3729 3958 4075 4138 4302 4443 4620 4895 4927 5120 5595 6418 6593 7015 7253 7504 8176 8588 9032 9357 9376 9704 9809 9936 10067 10098 10596 10743 18850 18851 18858 18909 18910 18916 18932 18954 18995 18996 19001 19022 19041 19067 19068 19077 19078 19094 19102 19109 19130 19137 19156 19167 19168 19197 19230 19231 19264 19292 19293 19323 19342 19366 
	}
	weather={
		period={
			between={ 0.0 14.2 }
			temperature={ -10.0 35.0 }
			no_phenomenon=1.500
			rain_light=0.250
			rain_heavy=0.100
			snow=0.000
			blizzard=0.000
			arctic_water=0.000
			mud=0.000
			sandstorm=0.000
			min_snow_level=0.000
		}
	}
}
