
strategic_region={
	id=219
	name="STRATEGICREGION_219"
	provinces={
		114 182 490 965 1084 1214 1431 1462 1737 1891 2173 2231 2709 2904 3027 3104 3604 3992 4092 4382 4469 4663 5205 5370 5480 5498 5566 5872 6434 6525 7014 7126 7254 7706 9093 9253 9430 9627 9986 10448 10515 10578 16726 16755 16800 16812 16864 16903 16932 16956 16965 16976 16988 17012 17036 17037 17047 17090 17101 17107 17171 17172 17201 17217 17226 17241 17249 17271 17300 17301 17302 17369 17372 17435 17436 17463 17464 17474 17500 17529 17628 17636 17678 17694 17703 17704 17718 17758 17764 17773 17823 17832 17847 17848 17910 17929 20171 20271 20326 20373 20446 20490 20511 20567 20588 20621 20723 20741 
	}
	weather={
		period={
			between={ 0.0 14.2 }
			temperature={ -10.0 35.0 }
			no_phenomenon=1.500
			rain_light=0.250
			rain_heavy=0.100
			snow=0.000
			blizzard=0.000
			arctic_water=0.000
			mud=0.000
			sandstorm=0.000
			min_snow_level=0.000
		}
	}
}
