
strategic_region={
	id=22
	name="STRATEGICREGION_22"
	provinces={
		17 89 169 266 287 533 793 848 995 1634 1751 1753 2053 2140 2469 2825 3644 3753 4022 4108 4388 4882 4899 5281 5581 5590 5641 5703 5968 6132 6200 6228 6569 6571 6933 6948 7104 7134 7181 8023 8191 8320 8483 8745 9224 9324 9437 9471 9590 9998 10251 10787 17323 17334 17377 17400 17443 17470 17508 17544 17598 17612 17624 17639 17660 17708 17737 17738 17777 17800 17809 17810 17811 17834 17840 17841 17884 17900 17931 17972 17974 17986 18051 18057 18099 18104 
	}
	weather={
		period={
			between={ 0.0 14.2 }
			temperature={ -10.0 35.0 }
			no_phenomenon=1.500
			rain_light=0.250
			rain_heavy=0.100
			snow=0.000
			blizzard=0.000
			arctic_water=0.000
			mud=0.000
			sandstorm=0.000
			min_snow_level=0.000
		}
	}
}
