
strategic_region={
	id=221
	name="STRATEGICREGION_221"
	provinces={
		43 418 420 476 560 1181 1182 1544 1565 1804 1874 2011 2410 2535 3042 3098 3180 3650 3841 3960 3961 3963 4032 4091 4119 4407 4500 4570 4884 4984 5121 5242 5293 5443 5503 5883 6158 6378 6573 6620 6757 6790 7021 7297 7400 7414 7670 7675 8096 8098 8221 9187 9737 9921 10511 10540 16652 16662 16694 16722 16765 16772 16773 16791 16792 16826 16840 16857 16881 16911 16915 16987 17031 17044 17074 17083 17113 17122 17134 17148 17183 17184 17191 17210 17237 17248 17275 17276 17297 17325 17336 17355 17402 17481 17503 17509 17557 17567 17577 17588 17634 17642 17643 17654 17658 17667 17711 17724 17732 
	}
	weather={
		period={
			between={ 0.0 14.2 }
			temperature={ -10.0 35.0 }
			no_phenomenon=1.500
			rain_light=0.250
			rain_heavy=0.100
			snow=0.000
			blizzard=0.000
			arctic_water=0.000
			mud=0.000
			sandstorm=0.000
			min_snow_level=0.000
		}
	}
}
