
strategic_region={
	id=222
	name="STRATEGICREGION_222"
	provinces={
		11 124 129 647 1121 1307 1319 1510 1876 2079 2490 2702 2782 2797 2799 2812 2929 3132 3213 3471 3731 3950 3980 4045 4587 4855 5020 5395 5600 5843 6138 6416 6676 6748 6878 6966 7761 7902 8205 8569 8749 8851 10460 10772 16742 16746 16780 16799 16832 16861 16862 16888 16923 16936 16946 16960 16998 17009 17027 17050 17084 17192 17199 17238 17277 17283 17309 17356 17363 17366 17417 17482 17487 17497 17517 17527 17538 17589 17673 17686 
	}
	weather={
		period={
			between={ 0.0 14.2 }
			temperature={ -10.0 35.0 }
			no_phenomenon=1.500
			rain_light=0.250
			rain_heavy=0.100
			snow=0.000
			blizzard=0.000
			arctic_water=0.000
			mud=0.000
			sandstorm=0.000
			min_snow_level=0.000
		}
	}
}
