
strategic_region={
	id=223
	name="STRATEGICREGION_223"
	provinces={
		54 162 333 470 650 970 1299 3303 3328 3671 4023 4112 4650 4674 4729 4871 4947 5417 5439 5827 6276 6277 6296 6591 6602 8120 9091 9323 9588 9691 10037 10055 10581 10776 17615 17750 17762 17821 17846 17857 17906 17907 17933 17943 17982 17989 18002 18034 18063 18067 18092 18153 18180 18223 20737 
	}
	weather={
		period={
			between={ 0.0 14.2 }
			temperature={ -10.0 35.0 }
			no_phenomenon=1.500
			rain_light=0.250
			rain_heavy=0.100
			snow=0.000
			blizzard=0.000
			arctic_water=0.000
			mud=0.000
			sandstorm=0.000
			min_snow_level=0.000
		}
	}
}
