
strategic_region={
	id=224
	name="STRATEGICREGION_224"
	provinces={
		156 298 411 540 1112 1146 1546 1684 2559 2725 2872 3170 3201 3503 3505 3704 3897 4133 4270 4431 4615 4786 5208 5304 5351 6231 6555 7157 7460 7486 7921 7971 8670 8791 8935 9524 9823 9930 9964 10050 10403 10417 10564 17796 17797 17856 17905 17926 17932 17995 17996 18001 18008 18033 18061 18062 18085 18102 18106 18128 18147 18152 18159 18179 18191 18203 18214 18222 18228 18234 18249 18283 18284 18325 18335 18349 18361 18428 18488 18543 18551 18627 
	}
	weather={
		period={
			between={ 0.0 14.2 }
			temperature={ -10.0 35.0 }
			no_phenomenon=1.500
			rain_light=0.250
			rain_heavy=0.100
			snow=0.000
			blizzard=0.000
			arctic_water=0.000
			mud=0.000
			sandstorm=0.000
			min_snow_level=0.000
		}
	}
}
