
strategic_region={
	id=225
	name="STRATEGICREGION_225"
	provinces={
		216 220 316 385 432 512 604 910 1007 1020 1264 1632 2139 2415 2534 2677 2866 3181 3342 3474 3517 3637 4038 4405 4549 4951 4993 5114 5123 5194 5495 5935 6585 6771 6810 6824 6871 7257 7422 7677 7690 7691 7806 8001 8012 8420 8743 8813 8908 9138 9918 10078 10656 18915 18931 18983 19009 19021 19049 19056 19076 19123 19152 19166 19222 19256 19262 19269 19283 19291 19300 19301 19328 19333 19357 19383 19394 19405 19415 19423 19447 19457 19476 19482 19500 19507 19537 19538 19539 19546 19551 19562 19593 19606 19638 19655 19656 19661 19687 19710 
	}
	weather={
		period={
			between={ 0.0 14.2 }
			temperature={ -10.0 35.0 }
			no_phenomenon=1.500
			rain_light=0.250
			rain_heavy=0.100
			snow=0.000
			blizzard=0.000
			arctic_water=0.000
			mud=0.000
			sandstorm=0.000
			min_snow_level=0.000
		}
	}
}
