
strategic_region={
	id=226
	name="STRATEGICREGION_226"
	provinces={
		194 267 458 907 1080 1225 1520 1699 1723 1734 2098 2118 2119 2378 2772 2849 2969 3321 3913 5003 5085 5413 5734 6120 6359 6403 6498 6511 6574 6844 7491 7708 7837 7980 8464 8711 8842 8870 9013 9621 9705 9707 9713 9729 9734 9767 9904 10271 10759 18290 18367 18410 18422 18452 18460 18489 18507 18517 18523 18531 18590 18610 18636 18652 18657 18670 18699 18700 18711 18720 18741 18773 18845 18872 18879 18898 18899 18927 18938 18952 18969 18993 19000 19028 19029 19048 19055 19063 19072 19093 19099 19100 19112 19128 19155 19165 19213 19249 
	}
	weather={
		period={
			between={ 0.0 14.2 }
			temperature={ -10.0 35.0 }
			no_phenomenon=1.500
			rain_light=0.250
			rain_heavy=0.100
			snow=0.000
			blizzard=0.000
			arctic_water=0.000
			mud=0.000
			sandstorm=0.000
			min_snow_level=0.000
		}
	}
}
