
strategic_region={
	id=227
	name="STRATEGICREGION_227"
	provinces={
		98 237 840 896 930 1114 1528 1593 1636 1747 1857 1950 2080 2088 2108 2217 2255 2294 2458 2646 2689 2699 2711 2856 2945 2951 2953 3014 3054 3148 3264 3399 3420 3424 3586 3796 3834 3945 3968 4051 4224 4329 4391 4536 5228 5442 5666 5789 5832 5979 6272 6758 6869 7112 7132 7149 7251 7420 7544 7551 7698 8362 8374 8859 8866 8880 8970 9006 9111 9157 9205 9234 9329 9443 9480 9517 9643 9778 9877 9922 10016 10206 10303 10485 10731 10770 10777 18350 18351 18374 18411 18417 18418 18423 18461 18468 18478 18483 18518 18524 18539 18544 18570 18576 18596 18611 18628 18643 18646 18653 18672 18681 18693 18712 18721 18728 18737 18738 18742 18754 18758 18765 18766 18778 18804 18805 18819 18820 18865 18880 18886 18902 18903 18904 18925 18939 18953 18959 18972 18994 19010 19030 19035 19036 19065 19066 19073 19101 19129 19142 19189 19209 19263 19270 19279 19334 19341 19395 19400 19416 19492 
	}
	weather={
		period={
			between={ 0.0 14.2 }
			temperature={ -10.0 35.0 }
			no_phenomenon=1.500
			rain_light=0.250
			rain_heavy=0.100
			snow=0.000
			blizzard=0.000
			arctic_water=0.000
			mud=0.000
			sandstorm=0.000
			min_snow_level=0.000
		}
	}
}
