
strategic_region={
	id=228
	name="STRATEGICREGION_228"
	provinces={
		862 1416 1456 1511 1530 1727 1963 2008 2229 2237 2256 2343 2456 2462 2531 2654 2795 2978 3144 3311 3334 3396 3641 4228 4465 4539 4757 4794 4931 4977 5090 5349 6101 6319 6400 6480 6616 6680 6979 7023 7373 7590 8298 8732 8744 8762 9486 9665 9688 9766 9910 10255 10293 10334 10462 10484 16793 16855 16882 16889 16895 16941 16942 17005 17035 17045 17055 17056 17067 17099 17110 17114 17149 17161 17167 17168 17211 17215 17222 17231 17232 17239 17289 17310 17333 17371 17378 17379 17409 17431 17462 17510 17524 17548 17578 17590 17616 17644 17668 17674 17714 17733 17788 17789 17803 17827 17858 17859 
	}
	weather={
		period={
			between={ 0.0 14.2 }
			temperature={ -10.0 35.0 }
			no_phenomenon=1.500
			rain_light=0.250
			rain_heavy=0.100
			snow=0.000
			blizzard=0.000
			arctic_water=0.000
			mud=0.000
			sandstorm=0.000
			min_snow_level=0.000
		}
	}
}
