
strategic_region={
	id=229
	name="STRATEGICREGION_229"
	provinces={
		116 305 612 639 692 820 944 1189 1222 1402 1483 1680 1772 1933 2031 2176 2477 2633 2822 2927 2964 3193 3560 3680 4050 4334 4351 4441 4511 4523 4579 4955 5041 5303 5560 5577 5760 6018 6053 6230 6326 6619 6852 6916 6947 6983 7505 7543 7571 7577 7657 7709 7763 7994 8331 8417 8638 8753 8768 8781 8815 8945 9003 9034 9070 9100 9292 9371 9493 9565 9649 9848 10006 10122 10501 10727 10773 16590 16609 16663 16671 16676 16699 16734 16739 16743 16753 16795 16818 16819 16822 16841 16856 16868 16874 16884 16898 16912 16918 16925 16962 16974 16975 17000 17010 17011 17070 17080 17140 17141 17150 17169 17177 17223 17224 17234 17259 17260 17284 17285 17299 17311 17341 17358 17367 17389 17390 17396 17424 17434 17445 17499 17528 17618 
	}
	weather={
		period={
			between={ 0.0 14.2 }
			temperature={ -10.0 35.0 }
			no_phenomenon=1.500
			rain_light=0.250
			rain_heavy=0.100
			snow=0.000
			blizzard=0.000
			arctic_water=0.000
			mud=0.000
			sandstorm=0.000
			min_snow_level=0.000
		}
	}
}
