
strategic_region={
	id=23
	name="STRATEGICREGION_23"
	provinces={
		205 212 273 582 673 768 1199 1218 1410 1604 1992 2296 2372 2430 2587 2865 3103 3131 3164 3821 3947 4214 4236 4264 4512 4610 4699 4737 4755 4812 5286 5311 5538 5719 5852 6074 6119 6135 6215 6696 6901 6955 7167 7425 7442 7704 7723 7918 7997 8116 8301 8515 8789 9109 9268 9591 9618 9727 9746 9824 9901 9912 9961 9966 10109 10547 10583 10597 10781 11286 11308 11319 11331 11340 11341 11349 11356 11363 11376 11383 11384 11387 11408 11415 11416 11421 11422 11424 11440 11450 11454 11455 11462 11469 11470 11474 11489 11502 11513 11514 11523 11524 11530 11532 11536 11547 11587 11588 11602 11607 11611 11628 11640 11641 11646 11655 11668 11670 11687 11708 11735 11736 
	}
	weather={
		period={
			between={ 0.0 14.2 }
			temperature={ -10.0 35.0 }
			no_phenomenon=1.500
			rain_light=0.250
			rain_heavy=0.100
			snow=0.000
			blizzard=0.000
			arctic_water=0.000
			mud=0.000
			sandstorm=0.000
			min_snow_level=0.000
		}
	}
}
