
strategic_region={
	id=230
	name="STRATEGICREGION_230"
	provinces={
		27 41 175 246 263 899 952 998 1099 1215 1690 1813 2005 2302 2308 2366 2563 2583 2636 2771 3532 3852 3921 3923 4178 4265 4297 4328 4629 4926 5076 5084 5162 5273 5671 5961 6026 6235 6387 6436 6451 6767 6904 7266 7267 7349 7438 7579 7600 8065 8214 8337 8650 8657 8989 9030 9096 9299 9557 9608 9653 9673 9771 9838 10184 10249 17675 17701 17715 17769 17805 17829 17843 17869 17949 17962 18004 18009 18017 18027 18045 18073 18093 18108 18121 18182 18196 18204 18217 18235 18250 18251 18277 18285 18304 18308 18337 18340 18385 18391 18412 18413 18429 18454 18469 18479 18490 18508 18532 18533 18559 18571 18582 18591 18614 18701 
	}
	weather={
		period={
			between={ 0.0 14.2 }
			temperature={ -10.0 35.0 }
			no_phenomenon=1.500
			rain_light=0.250
			rain_heavy=0.100
			snow=0.000
			blizzard=0.000
			arctic_water=0.000
			mud=0.000
			sandstorm=0.000
			min_snow_level=0.000
		}
	}
}
