
strategic_region={
	id=231
	name="STRATEGICREGION_231"
	provinces={
		131 163 307 483 602 607 809 1001 1173 1227 1315 1810 1896 1942 1946 2048 2151 2250 2426 2578 2586 2682 2879 2898 3052 3249 3351 3357 3610 3690 3699 3809 4338 4459 4466 4664 4848 4850 5112 5187 5217 5507 5775 6210 6432 6456 6471 6575 6606 6712 7049 7183 7210 7245 7270 7525 7661 7858 7957 8174 8230 8273 8555 8571 8593 8621 8677 8731 8997 9219 9227 9245 9315 9575 9759 9852 9891 9913 9932 10115 10200 10342 10494 10509 10543 10648 17380 17411 17488 17540 17570 17580 17645 17669 17689 17716 17717 17725 17739 17744 17745 17770 17771 17790 17798 17799 17822 17830 17836 17844 17860 17870 17880 17887 17888 17891 17892 17897 17908 17909 17928 17935 17945 17950 17963 17964 17977 17978 17985 18028 18035 18036 18041 18055 18064 18109 18110 18111 18122 18129 18133 18143 18154 18160 18161 18183 18184 18192 18197 18229 18252 18253 18254 18296 18297 18305 18309 18310 18315 18326 18341 18342 18375 18376 
	}
	weather={
		period={
			between={ 0.0 14.2 }
			temperature={ -10.0 35.0 }
			no_phenomenon=1.500
			rain_light=0.250
			rain_heavy=0.100
			snow=0.000
			blizzard=0.000
			arctic_water=0.000
			mud=0.000
			sandstorm=0.000
			min_snow_level=0.000
		}
	}
}
