
strategic_region={
	id=232
	name="STRATEGICREGION_232"
	provinces={
		334 968 1125 1584 1927 2479 2871 3055 3084 4031 4175 4291 4319 4733 4763 5221 5233 5858 6160 6444 6914 7589 7640 7770 7839 8069 8365 8395 8402 8460 8567 8801 8940 9850 10405 17890 17927 17934 17944 17983 17984 17997 18003 18016 18026 18086 18107 18142 18172 18181 18215 18216 18276 18336 18368 18383 18384 18453 
	}
	weather={
		period={
			between={ 0.0 14.2 }
			temperature={ -10.0 35.0 }
			no_phenomenon=1.500
			rain_light=0.250
			rain_heavy=0.100
			snow=0.000
			blizzard=0.000
			arctic_water=0.000
			mud=0.000
			sandstorm=0.000
			min_snow_level=0.000
		}
	}
}
