
strategic_region={
	id=233
	name="STRATEGICREGION_233"
	provinces={
		53 304 400 892 963 1163 1479 1507 1643 1842 1986 2040 2264 2288 2300 2721 2977 3009 3206 3524 3533 3591 3995 4007 4170 4271 4375 4412 4478 4684 4784 4841 5034 5073 5501 5525 5980 6142 6237 6295 6343 6564 6664 6705 6706 6715 6822 7645 7715 7986 8489 8682 8765 8840 9079 9099 9243 9281 9545 9825 10229 16809 16834 16883 16896 16947 16948 16949 16961 17020 17051 17057 17068 17100 17105 17115 17123 17135 17153 17154 17162 17185 17216 17233 17255 17298 17319 17326 17357 17387 17388 17422 17432 17433 17439 17453 17458 17473 17483 17491 17492 17498 17504 17511 17539 17558 17568 17569 17687 17700 17756 17763 17804 17814 17828 17868 17886 
	}
	weather={
		period={
			between={ 0.0 14.2 }
			temperature={ -10.0 35.0 }
			no_phenomenon=1.500
			rain_light=0.250
			rain_heavy=0.100
			snow=0.000
			blizzard=0.000
			arctic_water=0.000
			mud=0.000
			sandstorm=0.000
			min_snow_level=0.000
		}
	}
}
