
strategic_region={
	id=234
	name="STRATEGICREGION_234"
	provinces={
		818 1223 1255 1525 1745 1765 1768 1796 1925 1947 2106 2123 2232 2449 2638 2924 3077 3423 3456 4289 4657 4714 4722 5025 5092 5148 5182 5268 5297 5840 5862 5866 5904 5905 6043 6073 6236 6258 6507 6531 7309 7342 7444 7493 7519 8109 8135 8371 8435 8619 8624 8964 9387 9743 9816 10019 10106 10292 10584 10687 16565 16586 16608 16632 16762 16781 16827 16890 16897 16916 16917 16924 16981 16982 16999 17006 17058 17059 17069 17075 17106 17163 17193 17194 17258 17269 17290 17327 17403 17410 17419 17423 17468 17579 17609 17617 17688 17743 17751 
	}
	weather={
		period={
			between={ 0.0 14.2 }
			temperature={ -10.0 35.0 }
			no_phenomenon=1.500
			rain_light=0.250
			rain_heavy=0.100
			snow=0.000
			blizzard=0.000
			arctic_water=0.000
			mud=0.000
			sandstorm=0.000
			min_snow_level=0.000
		}
	}
}
