
strategic_region={
	id=235
	name="STRATEGICREGION_235"
	provinces={
		365 791 884 1058 1153 1155 1368 2021 2427 3063 3476 3879 4043 4046 4880 5908 6688 6995 7302 7305 7339 7377 7702 7930 8099 9244 9965 10082 10433 10439 17270 17312 17343 17359 17368 17404 17454 17505 17518 17549 17562 17581 17582 17646 17712 17757 17779 17815 17871 17967 18018 18046 18094 18162 18207 18263 18298 18330 18352 
	}
	weather={
		period={
			between={ 0.0 14.2 }
			temperature={ -10.0 35.0 }
			no_phenomenon=1.500
			rain_light=0.250
			rain_heavy=0.100
			snow=0.000
			blizzard=0.000
			arctic_water=0.000
			mud=0.000
			sandstorm=0.000
			min_snow_level=0.000
		}
	}
}
