
strategic_region={
	id=236
	name="STRATEGICREGION_236"
	provinces={
		351 502 619 1437 1501 1755 1977 2233 2371 2491 2777 3748 4058 4411 4535 4538 4822 4859 4929 5200 6441 6759 7333 7779 7810 7846 7941 8108 8329 8469 9023 9094 9122 9521 9636 9744 10256 10328 10655 15491 15520 15534 15553 15577 15589 15628 15639 15661 15696 15710 15715 15739 15755 15765 15814 15837 15850 15880 15886 15895 15904 15905 15958 15985 16016 16019 16030 16099 16116 16126 16140 16171 16172 16178 16216 16242 16265 16271 16365 
	}
	weather={
		period={
			between={ 0.0 14.2 }
			temperature={ -10.0 35.0 }
			no_phenomenon=1.500
			rain_light=0.250
			rain_heavy=0.100
			snow=0.000
			blizzard=0.000
			arctic_water=0.000
			mud=0.000
			sandstorm=0.000
			min_snow_level=0.000
		}
	}
}
