
strategic_region={
	id=237
	name="STRATEGICREGION_237"
	provinces={
		136 178 226 345 361 499 631 687 1018 1263 1305 1560 2734 3169 3536 3595 3609 3672 3951 4111 4187 4630 5081 5145 5239 5664 5711 5740 5932 6347 6389 6412 6517 6637 6671 6920 7033 7146 7819 8006 8115 8287 8302 8465 8536 8723 9294 9382 9797 9841 9894 9956 10021 10164 10436 10633 16379 16408 16412 16426 16439 16449 16469 16472 16501 16506 16523 16541 16567 16587 16591 16610 16644 16656 16664 16714 16747 16748 16754 16763 16811 16836 16858 16869 16885 16901 16926 16931 16950 16963 16964 16993 17001 17002 17046 17060 17076 17089 17170 17186 17200 17225 17240 17291 17320 
	}
	weather={
		period={
			between={ 0.0 14.2 }
			temperature={ -10.0 35.0 }
			no_phenomenon=1.500
			rain_light=0.250
			rain_heavy=0.100
			snow=0.000
			blizzard=0.000
			arctic_water=0.000
			mud=0.000
			sandstorm=0.000
			min_snow_level=0.000
		}
	}
}
