
strategic_region={
	id=238
	name="STRATEGICREGION_238"
	provinces={
		39 349 466 480 564 804 1265 1386 1663 2077 2126 2263 3138 3196 3296 3651 3741 3772 3883 4042 4061 4194 4195 4368 4808 4864 4948 4985 5098 5390 5447 5574 6000 6487 6501 6823 6853 7481 7514 7604 7607 7634 8209 8447 8497 8672 8687 8950 8963 9218 9675 10077 10137 10332 10490 10524 10646 10720 15098 15170 15286 15292 15348 15402 15484 15533 15552 15571 15576 15584 15597 15598 15607 15624 15638 15658 15659 15660 15677 15695 15714 15727 15764 15772 15793 15831 15840 15849 15855 15873 15903 15910 15922 15946 15954 15968 15969 15989 16003 16015 16025 16026 16042 16057 16066 16083 16084 16105 16136 16152 16162 16163 16195 16215 16223 16232 16254 16264 16280 16318 16326 16327 16331 16364 16380 16393 
	}
	weather={
		period={
			between={ 0.0 14.2 }
			temperature={ -10.0 35.0 }
			no_phenomenon=1.500
			rain_light=0.250
			rain_heavy=0.100
			snow=0.000
			blizzard=0.000
			arctic_water=0.000
			mud=0.000
			sandstorm=0.000
			min_snow_level=0.000
		}
	}
}
