
strategic_region={
	id=239
	name="STRATEGICREGION_239"
	provinces={
		101 447 1022 1325 1406 1443 1764 1863 1881 1955 1966 2078 2121 2279 2352 2994 3480 3581 3682 3854 3948 4021 4094 4398 4426 4483 4568 4862 4905 5116 5327 5474 5576 6006 6318 6386 6420 6463 6650 7575 7588 7649 7728 7911 8363 8523 8752 8756 9597 9810 9885 9999 10337 10372 10639 10719 12483 12530 12541 12545 12575 12587 12609 12615 12625 12659 12660 12666 12672 12683 12699 12706 12721 12726 12751 12764 12791 12826 12827 12851 12867 12883 12893 12900 12915 12948 12962 12983 12992 13014 13015 13032 13062 13073 13095 13100 13102 13115 13116 13123 13134 13144 13145 13156 13157 13163 13166 13179 13191 13192 13193 13208 13222 13236 13241 13257 13263 
	}
	weather={
		period={
			between={ 0.0 14.2 }
			temperature={ -10.0 35.0 }
			no_phenomenon=1.500
			rain_light=0.250
			rain_heavy=0.100
			snow=0.000
			blizzard=0.000
			arctic_water=0.000
			mud=0.000
			sandstorm=0.000
			min_snow_level=0.000
		}
	}
}
