
strategic_region={
	id=24
	name="STRATEGICREGION_24"
	provinces={
		146 472 796 1061 1365 1398 1725 1782 2070 2259 2277 2493 2513 2552 2882 3255 3418 3555 3618 3625 3808 3878 4102 5161 5164 5177 5241 5366 5434 5846 6173 6202 6464 6656 6892 7284 7583 7785 7880 7891 8184 8839 9043 9594 9768 10002 10064 10133 10250 10284 13841 13885 13918 13949 13987 14026 14042 14086 14093 14106 14129 14168 14184 14205 14206 14228 14249 14271 14299 14313 14318 14346 14367 14379 14394 14395 14437 14475 14480 14484 14489 14519 14535 14553 14572 14588 14622 14649 14650 14680 14681 14715 14758 14769 14786 
	}
	weather={
		period={
			between={ 0.0 14.2 }
			temperature={ -10.0 35.0 }
			no_phenomenon=1.500
			rain_light=0.250
			rain_heavy=0.100
			snow=0.000
			blizzard=0.000
			arctic_water=0.000
			mud=0.000
			sandstorm=0.000
			min_snow_level=0.000
		}
	}
}
