
strategic_region={
	id=240
	name="STRATEGICREGION_240"
	provinces={
		7 152 371 645 714 771 792 824 945 1049 1433 1466 2284 2791 2859 2934 3003 3419 3649 3849 3930 4193 4293 4732 4913 4956 5136 5155 5298 5502 5814 5898 6051 6214 6522 6710 6726 6812 6897 7170 7431 7503 7669 7692 7875 7932 8063 8137 8144 8146 8148 8190 8203 8242 8267 8386 8534 8647 8856 8919 9000 9455 9696 10054 10330 10498 10702 13787 13788 13844 13892 13919 13939 13950 13972 13992 14012 14027 14048 14060 14061 14087 14094 14136 14156 14213 14229 14250 14287 14300 14314 14319 14340 14347 14423 14431 14438 14469 14476 14485 14506 14554 14579 14602 14626 14651 14716 14763 14787 14838 14881 14899 14910 14923 15020 15064 15112 15113 15156 15200 
	}
	weather={
		period={
			between={ 0.0 14.2 }
			temperature={ -10.0 35.0 }
			no_phenomenon=1.500
			rain_light=0.250
			rain_heavy=0.100
			snow=0.000
			blizzard=0.000
			arctic_water=0.000
			mud=0.000
			sandstorm=0.000
			min_snow_level=0.000
		}
	}
}
