
strategic_region={
	id=241
	name="STRATEGICREGION_241"
	provinces={
		356 484 847 1536 2124 2465 2577 2582 3083 3242 3322 3495 3507 3678 4039 4282 4527 5467 5524 6123 6136 6294 6302 6417 6690 6691 6741 7317 8620 8901 8976 9163 9229 9341 9351 9856 9972 10355 10670 13897 13943 13944 13973 13988 13998 14016 14019 14066 14067 14078 14088 14089 14121 14130 14137 14157 14158 14180 14207 14230 14238 14262 14263 14264 14276 14288 14301 14331 14332 14334 14368 14380 14387 14396 14397 14424 14439 14490 14507 14529 14530 14544 14555 14589 14595 14615 14623 14689 
	}
	weather={
		period={
			between={ 0.0 14.2 }
			temperature={ -10.0 35.0 }
			no_phenomenon=1.500
			rain_light=0.250
			rain_heavy=0.100
			snow=0.000
			blizzard=0.000
			arctic_water=0.000
			mud=0.000
			sandstorm=0.000
			min_snow_level=0.000
		}
	}
}
