
strategic_region={
	id=242
	name="STRATEGICREGION_242"
	provinces={
		173 399 440 547 637 716 839 1069 1132 1563 1695 1802 1851 2376 2703 2817 2971 3166 3204 3228 3489 3508 3779 4185 4244 4266 4403 4636 5144 5178 5399 5522 5549 5619 6557 6566 6711 6770 6777 7000 7043 7057 7109 7296 7356 7366 7419 7453 7555 7800 7807 7844 8425 8550 8771 8820 9344 9503 9615 9656 9869 10203 10252 10278 10718 13260 13268 13292 13301 13302 13311 13321 13330 13348 13350 13366 13369 13375 13380 13381 13393 13404 13409 13410 13418 13424 13428 13437 13453 13469 13474 13494 13501 13504 13519 13524 13539 13540 13546 13568 13579 13590 13596 13611 13615 13616 13620 13621 13638 13664 13665 13673 13691 13698 13708 13727 13730 13740 13750 13771 13779 13789 13800 13807 13875 
	}
	weather={
		period={
			between={ 0.0 14.2 }
			temperature={ -10.0 35.0 }
			no_phenomenon=1.500
			rain_light=0.250
			rain_heavy=0.100
			snow=0.000
			blizzard=0.000
			arctic_water=0.000
			mud=0.000
			sandstorm=0.000
			min_snow_level=0.000
		}
	}
}
