
strategic_region={
	id=243
	name="STRATEGICREGION_243"
	provinces={
		242 610 897 1551 2332 2441 3250 3783 4790 4922 5049 5332 5335 5406 5536 5721 6201 6339 6667 6917 7300 7399 8039 8204 8454 8953 9479 9485 9534 9724 10046 14196 14269 14305 14312 14316 14328 14365 14375 14436 14446 14447 14526 14564 14585 14609 14610 14663 14671 14719 14776 14783 14795 14817 14856 14943 15017 20810 
	}
	weather={
		period={
			between={ 0.0 14.2 }
			temperature={ -10.0 35.0 }
			no_phenomenon=1.500
			rain_light=0.250
			rain_heavy=0.100
			snow=0.000
			blizzard=0.000
			arctic_water=0.000
			mud=0.000
			sandstorm=0.000
			min_snow_level=0.000
		}
	}
}
