
strategic_region={
	id=244
	name="STRATEGICREGION_244"
	provinces={
		382 556 642 1087 1308 1557 1640 1954 2062 2322 2901 3691 3746 3990 5431 5481 5573 5692 5706 5738 5879 5970 5999 6888 7148 7322 7547 8154 8215 8703 8725 8969 8995 9802 9857 10057 10185 10575 13587 13600 13630 13648 13680 13703 13725 13749 13783 13784 13830 13845 13864 13895 13904 13916 13933 13955 13956 13970 14005 14030 14039 14085 14102 14116 14165 
	}
	weather={
		period={
			between={ 0.0 14.2 }
			temperature={ -10.0 35.0 }
			no_phenomenon=1.500
			rain_light=0.250
			rain_heavy=0.100
			snow=0.000
			blizzard=0.000
			arctic_water=0.000
			mud=0.000
			sandstorm=0.000
			min_snow_level=0.000
		}
	}
}
