
strategic_region={
	id=245
	name="STRATEGICREGION_245"
	provinces={
		38 294 443 630 727 828 1066 1249 1341 1441 1721 1834 2041 2275 2600 3497 3686 3967 4464 5550 5960 6303 6453 7176 7563 7632 7869 8473 9108 9415 9419 10068 10240 10411 10585 10610 10671 10769 13879 13909 13934 13986 14077 14079 14191 14224 14225 14235 14282 14292 14296 14306 14338 14353 14377 14407 14429 14461 14467 14500 14518 14542 14583 14593 14611 
	}
	weather={
		period={
			between={ 0.0 14.2 }
			temperature={ -10.0 35.0 }
			no_phenomenon=1.500
			rain_light=0.250
			rain_heavy=0.100
			snow=0.000
			blizzard=0.000
			arctic_water=0.000
			mud=0.000
			sandstorm=0.000
			min_snow_level=0.000
		}
	}
}
