
strategic_region={
	id=246
	name="STRATEGICREGION_246"
	provinces={
		18 154 339 517 536 665 802 861 1010 1093 1236 1360 1471 2028 2317 2437 2572 2891 2956 3153 3234 4159 4182 4186 4247 4521 4982 5319 5548 5653 5746 5849 5863 5975 6130 6280 6342 6646 6668 6927 7209 7382 7576 7673 7818 7883 7937 8207 8486 8888 9112 9600 9733 9750 9963 10056 10574 10704 10708 10738 10761 14985 15001 15085 15097 15101 15161 15164 15266 15276 15290 15304 15329 15335 15336 15337 15368 15374 15398 15437 15459 15481 15495 15500 15524 15542 15549 15550 15626 15644 15670 15690 15691 15702 15725 15735 15778 15805 15809 15847 15863 15877 15894 15908 15931 15951 15957 16088 16101 16142 16201 16202 16203 16244 20812 
	}
	weather={
		period={
			between={ 0.0 14.2 }
			temperature={ -10.0 35.0 }
			no_phenomenon=1.500
			rain_light=0.250
			rain_heavy=0.100
			snow=0.000
			blizzard=0.000
			arctic_water=0.000
			mud=0.000
			sandstorm=0.000
			min_snow_level=0.000
		}
	}
}
