
strategic_region={
	id=247
	name="STRATEGICREGION_247"
	provinces={
		2 44 93 207 729 866 878 1284 1547 1562 2413 2641 2661 2735 3044 3383 3408 3472 3551 4155 4331 4820 4866 4945 5186 5250 5461 6533 6809 6831 6834 7124 7654 7876 8197 8308 8323 8533 8871 9011 9018 9048 9393 9669 9870 10281 10768 15898 15916 15994 15999 16000 16001 16069 16074 16089 16124 16129 16156 16199 16212 16213 16251 16259 16304 16313 16337 16350 16361 16414 16418 16434 16448 16463 16464 16471 16484 16489 16521 16536 16539 16546 16606 16618 
	}
	weather={
		period={
			between={ 0.0 14.2 }
			temperature={ -10.0 35.0 }
			no_phenomenon=1.500
			rain_light=0.250
			rain_heavy=0.100
			snow=0.000
			blizzard=0.000
			arctic_water=0.000
			mud=0.000
			sandstorm=0.000
			min_snow_level=0.000
		}
	}
}
