
strategic_region={
	id=248
	name="STRATEGICREGION_248"
	provinces={
		196 383 633 879 917 1252 1589 1823 2337 2348 2453 2474 2599 2786 3090 3257 3270 3468 3894 4025 4036 4188 4205 4467 4670 4704 4994 5263 5287 5314 5732 5828 5997 6187 6261 6285 6311 6415 6592 6935 7026 7263 7285 7311 7738 7999 8179 8254 8492 8617 9075 9589 9639 10735 15865 15878 15909 15932 15942 15975 15978 16028 16039 16052 16065 16075 16097 16113 16135 16169 16176 16177 16204 16221 16227 16238 16241 16252 16279 16291 16307 16321 16338 16345 16352 16396 16397 16405 16435 16445 16509 16530 16547 16553 16559 16574 16596 16607 16615 16623 16639 16653 16654 16670 16675 16688 16695 16712 16718 16723 16766 16794 20523 
	}
	weather={
		period={
			between={ 0.0 14.2 }
			temperature={ -10.0 35.0 }
			no_phenomenon=1.500
			rain_light=0.250
			rain_heavy=0.100
			snow=0.000
			blizzard=0.000
			arctic_water=0.000
			mud=0.000
			sandstorm=0.000
			min_snow_level=0.000
		}
	}
}
