
strategic_region={
	id=249
	name="STRATEGICREGION_249"
	provinces={
		720 746 1008 1038 1168 1369 1427 1461 1678 2530 2804 3106 3313 3689 3706 3816 3935 3952 4184 4486 4701 4909 5021 5174 5345 5685 5765 5951 6108 6180 6219 6264 6341 6568 7500 7560 7573 7786 8210 8370 8379 8893 9102 9543 9862 10548 10723 15148 15169 15187 15253 15291 15356 15399 15400 15443 15451 15482 15483 15489 15501 15515 15525 15526 15538 15588 15601 15621 15627 15667 15718 15726 15736 15737 15761 15783 15810 15821 15827 15828 15864 15884 15941 
	}
	weather={
		period={
			between={ 0.0 14.2 }
			temperature={ -10.0 35.0 }
			no_phenomenon=1.500
			rain_light=0.250
			rain_heavy=0.100
			snow=0.000
			blizzard=0.000
			arctic_water=0.000
			mud=0.000
			sandstorm=0.000
			min_snow_level=0.000
		}
	}
}
