
strategic_region={
	id=25
	name="STRATEGICREGION_25"
	provinces={
		489 495 526 1062 1161 1502 2195 3001 3458 4393 4476 4544 4903 5537 5637 5713 6171 6605 6765 6975 7355 7804 8887 8948 9680 10099 10124 10582 15206 15251 15333 15390 15479 15497 15513 15642 15650 15675 15723 15751 15768 15857 15862 15992 15993 16107 16159 16210 16351 16429 16447 16516 16543 
	}
	weather={
		period={
			between={ 0.0 14.2 }
			temperature={ -10.0 35.0 }
			no_phenomenon=1.500
			rain_light=0.250
			rain_heavy=0.100
			snow=0.000
			blizzard=0.000
			arctic_water=0.000
			mud=0.000
			sandstorm=0.000
			min_snow_level=0.000
		}
	}
}
