
strategic_region={
	id=250
	name="STRATEGICREGION_250"
	provinces={
		412 760 810 885 1105 1128 1455 1460 1630 2206 2541 2619 2728 2816 2833 2992 3043 3510 3687 3866 3938 4124 4462 4546 4702 5006 5545 6041 6395 6641 6887 7598 7724 7865 7926 7934 8130 8396 8574 9114 9343 9626 9832 10211 10238 10387 10425 10482 14543 14634 14686 14731 14753 14754 14777 14784 14796 14804 14844 14863 14878 14936 14952 14979 14986 15002 15033 15037 15044 15070 15071 15102 15147 15162 15209 15216 15309 15344 
	}
	weather={
		period={
			between={ 0.0 14.2 }
			temperature={ -10.0 35.0 }
			no_phenomenon=1.500
			rain_light=0.250
			rain_heavy=0.100
			snow=0.000
			blizzard=0.000
			arctic_water=0.000
			mud=0.000
			sandstorm=0.000
			min_snow_level=0.000
		}
	}
}
