
strategic_region={
	id=251
	name="STRATEGICREGION_251"
	provinces={
		138 269 423 719 782 819 1025 1053 1064 1200 1204 1207 1333 1342 1481 1615 1656 1758 1800 1829 1935 2024 2035 2096 2103 2129 2196 2645 2811 2962 3330 3377 3663 3907 3986 4118 4220 4516 4686 4830 4936 5137 5475 5523 5715 6122 6233 6328 6485 6504 6800 6864 7097 7441 7685 8050 8122 8157 8164 8219 8307 8708 8958 9124 9165 10014 10033 10333 10620 10627 10732 13470 13500 13520 13528 13538 13544 13557 13560 13564 13571 13574 13575 13583 13584 13594 13597 13601 13609 13625 13626 13639 13667 13668 13681 13688 13693 13696 13697 13706 13713 13732 13745 13754 13767 13775 13776 13785 13786 13796 13804 13810 13837 13851 13858 13865 13874 13880 13887 13888 13921 13935 13957 13964 14006 14007 14040 14070 14103 14104 14148 14154 14161 14211 14212 14275 14283 
	}
	weather={
		period={
			between={ 0.0 14.2 }
			temperature={ -10.0 35.0 }
			no_phenomenon=1.500
			rain_light=0.250
			rain_heavy=0.100
			snow=0.000
			blizzard=0.000
			arctic_water=0.000
			mud=0.000
			sandstorm=0.000
			min_snow_level=0.000
		}
	}
}
