
strategic_region={
	id=252
	name="STRATEGICREGION_252"
	provinces={
		431 438 775 816 837 1124 1395 1499 1801 1918 2238 2400 2561 2631 3175 3266 3475 3739 4480 4649 4804 5005 5226 5850 6490 6816 6858 7123 7247 7387 8367 8885 8914 9191 9236 9689 9833 10297 10492 10595 10665 16185 16191 16214 16245 16260 16283 16305 16314 16329 16353 16362 16370 16384 16402 16406 16430 16453 16454 16468 16480 16510 16511 16531 16548 16554 16579 16580 16581 16597 16600 16601 16640 16655 16696 16697 16698 16719 16724 16725 16767 16768 16785 16810 16835 
	}
	weather={
		period={
			between={ 0.0 14.2 }
			temperature={ -10.0 35.0 }
			no_phenomenon=1.500
			rain_light=0.250
			rain_heavy=0.100
			snow=0.000
			blizzard=0.000
			arctic_water=0.000
			mud=0.000
			sandstorm=0.000
			min_snow_level=0.000
		}
	}
}
