
strategic_region={
	id=253
	name="STRATEGICREGION_253"
	provinces={
		9 184 229 1016 1040 1339 1648 1867 2260 2267 2290 2739 2787 3004 3435 3459 3870 3987 4444 4507 5042 5067 5265 5392 5511 5633 5781 5826 6010 6094 6271 6449 6805 7077 7381 7793 8083 8423 8693 9107 9488 10263 10451 10530 13402 13415 13458 13471 13487 13491 13514 13554 13558 13572 13576 13598 13605 13612 13635 13644 13669 13671 13682 13714 13716 13717 13737 13746 13762 13821 13866 13881 13889 13905 13917 13965 
	}
	weather={
		period={
			between={ 0.0 14.2 }
			temperature={ -10.0 35.0 }
			no_phenomenon=1.500
			rain_light=0.250
			rain_heavy=0.100
			snow=0.000
			blizzard=0.000
			arctic_water=0.000
			mud=0.000
			sandstorm=0.000
			min_snow_level=0.000
		}
	}
}
