
strategic_region={
	id=254
	name="STRATEGICREGION_254"
	provinces={
		414 424 475 572 624 903 1026 1030 1235 1440 1449 1552 1847 1934 2097 2166 2194 2346 2694 2744 2897 3191 3195 3367 3993 4033 4163 4531 4598 4665 4698 5312 5394 5465 5472 5546 5726 5887 6344 6429 6492 6746 7079 7198 7289 7380 7584 7660 7913 8080 8263 8535 8809 8847 8907 8986 8987 9462 9470 9561 9776 9937 10028 10283 10308 10339 10401 10561 10576 10603 10676 10783 14847 14880 14922 15003 15045 15054 15055 15110 15111 15133 15184 15188 15199 15218 15223 15229 15239 15248 15269 15270 15302 15311 15325 15359 15365 15375 15385 15422 15430 15431 15452 15519 15528 15564 15570 15583 15596 15611 15647 15686 15694 15738 15860 15879 15933 15945 15953 15980 15988 16018 16041 16056 16061 16092 16145 16194 
	}
	weather={
		period={
			between={ 0.0 14.2 }
			temperature={ -10.0 35.0 }
			no_phenomenon=1.500
			rain_light=0.250
			rain_heavy=0.100
			snow=0.000
			blizzard=0.000
			arctic_water=0.000
			mud=0.000
			sandstorm=0.000
			min_snow_level=0.000
		}
	}
}
