
strategic_region={
	id=255
	name="STRATEGICREGION_255"
	provinces={
		296 618 869 977 1143 1169 1418 1514 1585 1729 2052 2178 2186 2261 2608 2662 2724 3022 3218 3407 3452 3886 4001 4054 4341 4449 4708 4861 4942 5022 5173 5212 5266 5451 6308 6588 6825 6857 7163 8119 8183 8189 8327 8644 8854 9097 9274 9500 9662 9934 16014 16047 16076 16082 16115 16144 16151 16157 16193 16222 16246 16263 16269 16270 16293 16294 16298 16309 16325 16340 16354 16392 16431 16438 16460 16490 16491 16500 16522 16532 16555 16561 16566 16624 16625 16647 16672 16677 16683 16705 16713 16720 16786 16850 
	}
	weather={
		period={
			between={ 0.0 14.2 }
			temperature={ -10.0 35.0 }
			no_phenomenon=1.500
			rain_light=0.250
			rain_heavy=0.100
			snow=0.000
			blizzard=0.000
			arctic_water=0.000
			mud=0.000
			sandstorm=0.000
			min_snow_level=0.000
		}
	}
}
