
strategic_region={
	id=256
	name="STRATEGICREGION_256"
	provinces={
		34 103 188 835 2027 2144 2498 2540 3326 3350 3567 3665 3791 3842 4354 4364 4655 5313 5709 5924 6092 6505 6537 7520 7601 8041 8943 9297 9472 9644 9995 10371 10533 16024 16040 16081 16102 16103 16167 16186 16253 16262 16284 16297 16308 16316 16317 16324 16363 16407 16437 16481 16485 16499 16512 16537 16540 16560 16575 16598 
	}
	weather={
		period={
			between={ 0.0 14.2 }
			temperature={ -10.0 35.0 }
			no_phenomenon=1.500
			rain_light=0.250
			rain_heavy=0.100
			snow=0.000
			blizzard=0.000
			arctic_water=0.000
			mud=0.000
			sandstorm=0.000
			min_snow_level=0.000
		}
	}
}
