
strategic_region={
	id=257
	name="STRATEGICREGION_257"
	provinces={
		75 260 425 751 781 1192 1799 1853 2114 2539 2715 3081 3150 3161 3455 3976 4074 4198 4262 4360 4437 4870 4874 4879 5308 5469 5647 6357 6388 6601 6694 6773 7093 7103 7398 7805 7928 7970 8216 8309 8436 8548 8769 9040 9225 9257 9487 9541 9865 10049 10421 10500 10521 10609 15296 15305 15346 15347 15358 15383 15384 15401 15409 15415 15421 15444 15461 15472 15473 15490 15544 15551 15582 15595 15617 15623 15653 15671 15685 15693 15705 15720 15747 15748 15749 15763 15788 15789 15792 15799 15800 15813 15843 15866 15867 15868 15890 15913 15921 15926 15944 15963 15976 15983 15984 15996 16060 16070 16104 
	}
	weather={
		period={
			between={ 0.0 14.2 }
			temperature={ -10.0 35.0 }
			no_phenomenon=1.500
			rain_light=0.250
			rain_heavy=0.100
			snow=0.000
			blizzard=0.000
			arctic_water=0.000
			mud=0.000
			sandstorm=0.000
			min_snow_level=0.000
		}
	}
}
