
strategic_region={
	id=258
	name="STRATEGICREGION_258"
	provinces={
		395 492 493 513 532 561 664 870 1054 1285 1361 1397 1417 1586 2147 2446 2487 2528 3509 3850 4283 4345 5387 5533 5690 5902 5973 6468 6993 7110 7445 7507 7565 7679 7737 7843 7915 7985 8404 8584 8750 9484 9495 9509 9754 9758 9940 10592 15848 15888 15889 15925 15943 15952 15979 15995 16053 16054 16055 16091 16098 16114 16125 16131 16161 16170 16192 16205 16261 16292 16306 16315 16322 16323 16330 16339 16377 16378 16411 16436 16455 16465 16498 20673 
	}
	weather={
		period={
			between={ 0.0 14.2 }
			temperature={ -10.0 35.0 }
			no_phenomenon=1.500
			rain_light=0.250
			rain_heavy=0.100
			snow=0.000
			blizzard=0.000
			arctic_water=0.000
			mud=0.000
			sandstorm=0.000
			min_snow_level=0.000
		}
	}
}
