
strategic_region={
	id=259
	name="STRATEGICREGION_259"
	provinces={
		158 321 686 1039 1504 1749 2093 2516 2896 3101 3173 3725 3793 3959 4107 4395 4432 4551 4611 4771 4887 5179 5575 6354 6848 7184 7194 7306 7919 8091 8339 8384 9492 9612 9749 9948 10370 10629 10791 15119 15132 15203 15259 15293 15310 15324 15357 15364 15369 15463 15503 15518 15527 15562 15563 15581 15602 15637 15646 15704 15713 15746 15754 15780 15829 15830 15885 
	}
	weather={
		period={
			between={ 0.0 14.2 }
			temperature={ -10.0 35.0 }
			no_phenomenon=1.500
			rain_light=0.250
			rain_heavy=0.100
			snow=0.000
			blizzard=0.000
			arctic_water=0.000
			mud=0.000
			sandstorm=0.000
			min_snow_level=0.000
		}
	}
}
