
strategic_region={
	id=26
	name="STRATEGICREGION_26"
	provinces={
		514 806 838 1002 1960 2706 2740 2925 2999 3096 3324 3535 3653 3755 4572 4960 5047 5513 6698 6868 7292 7404 7639 8375 8429 8452 8511 8671 8930 9118 9259 9390 9407 9697 10034 10307 10686 19317 19435 19436 19443 19504 19521 19556 19578 19585 19630 19641 19675 19682 19686 19693 19728 19776 19777 19781 19791 19811 19813 19816 19840 19844 19884 20814 
	}
	weather={
		period={
			between={ 0.0 14.2 }
			temperature={ -10.0 35.0 }
			no_phenomenon=1.500
			rain_light=0.250
			rain_heavy=0.100
			snow=0.000
			blizzard=0.000
			arctic_water=0.000
			mud=0.000
			sandstorm=0.000
			min_snow_level=0.000
		}
	}
}
