
strategic_region={
	id=260
	name="STRATEGICREGION_260"
	provinces={
		113 374 549 669 1021 1451 1545 1773 1816 2373 2518 2717 3613 3848 3851 4586 5007 5045 5290 5459 5851 5998 6148 6251 6332 7011 7273 7741 7789 8037 8557 8560 8684 8903 9174 9330 9362 9426 9429 9446 9654 15606 15635 15645 15652 15692 15709 15753 15762 15779 15786 15798 15811 15812 15822 15823 15859 15899 15917 15961 15962 15967 16002 16013 16023 16029 16046 16059 16080 16090 16130 16143 16150 16166 16182 16231 
	}
	weather={
		period={
			between={ 0.0 14.2 }
			temperature={ -10.0 35.0 }
			no_phenomenon=1.500
			rain_light=0.250
			rain_heavy=0.100
			snow=0.000
			blizzard=0.000
			arctic_water=0.000
			mud=0.000
			sandstorm=0.000
			min_snow_level=0.000
		}
	}
}
