
strategic_region={
	id=261
	name="STRATEGICREGION_261"
	provinces={
		67 289 340 550 608 695 946 1250 1356 1583 1803 1875 2015 2218 2554 2612 2697 2875 2893 3198 3335 3361 3382 3414 3698 3871 3954 4132 4455 4472 4635 4943 5016 5267 5320 5534 5800 6194 6589 6684 6828 6836 7517 7527 7687 7834 7877 8002 8165 8237 8648 8692 8863 8923 9812 10136 10149 10550 14059 14120 14127 14155 14162 14166 14226 14242 14270 14297 14307 14344 14345 14361 14440 14455 14468 14479 14483 14501 14502 14513 14565 14577 14586 14594 14641 14648 14660 14664 14665 14705 14726 14727 14761 14785 14805 14809 14857 14864 14886 14891 
	}
	weather={
		period={
			between={ 0.0 14.2 }
			temperature={ -10.0 35.0 }
			no_phenomenon=1.500
			rain_light=0.250
			rain_heavy=0.100
			snow=0.000
			blizzard=0.000
			arctic_water=0.000
			mud=0.000
			sandstorm=0.000
			min_snow_level=0.000
		}
	}
}
