
strategic_region={
	id=262
	name="STRATEGICREGION_262"
	provinces={
		279 363 454 817 927 1271 1486 1622 1763 2436 2624 3287 4643 4682 4856 5680 6679 6734 6839 6847 7047 8438 8542 8625 8665 9709 9941 9983 10108 10750 15019 15063 15080 15086 15104 15109 15131 15149 15202 15222 15267 15268 15277 15338 15339 15408 15414 15429 15460 15502 15517 15543 15558 15574 15575 15616 15622 15636 15703 15719 
	}
	weather={
		period={
			between={ 0.0 14.2 }
			temperature={ -10.0 35.0 }
			no_phenomenon=1.500
			rain_light=0.250
			rain_heavy=0.100
			snow=0.000
			blizzard=0.000
			arctic_water=0.000
			mud=0.000
			sandstorm=0.000
			min_snow_level=0.000
		}
	}
}
