
strategic_region={
	id=263
	name="STRATEGICREGION_263"
	provinces={
		1 595 677 757 762 788 830 868 1046 1220 1290 1332 1736 1919 2215 2243 2414 2900 3033 3159 3501 3705 3767 4088 4208 4678 4966 5048 5306 5328 5448 5532 5699 5801 5891 6021 6027 6941 6964 7054 7221 7664 7714 7816 7851 7868 7939 7943 8111 8788 9133 9605 9905 9944 10079 10375 10724 13755 13838 13882 13890 13936 13958 14008 14024 14065 14080 14092 14128 14135 14141 14149 14227 14278 14298 14317 14324 14325 14366 14408 14488 14570 14578 14600 14612 14666 14672 14679 14687 14728 14733 14740 14755 14756 14810 14824 14831 14845 14872 14908 14921 14954 14962 14993 15008 15018 15062 15079 
	}
	weather={
		period={
			between={ 0.0 14.2 }
			temperature={ -10.0 35.0 }
			no_phenomenon=1.500
			rain_light=0.250
			rain_heavy=0.100
			snow=0.000
			blizzard=0.000
			arctic_water=0.000
			mud=0.000
			sandstorm=0.000
			min_snow_level=0.000
		}
	}
}
