
strategic_region={
	id=264
	name="STRATEGICREGION_264"
	provinces={
		369 730 783 858 982 1425 1484 2145 2395 2532 2732 2770 2788 3360 3520 4002 4049 4145 4555 4814 4876 5596 5659 5899 6385 6466 6510 6939 7087 7217 7390 7951 9001 9145 9784 9836 9860 10095 10100 10178 14732 14823 14885 14928 14953 14960 14961 15026 15027 15047 15078 15103 15141 15142 15174 15198 15217 15246 15247 15254 15255 15285 15301 15345 15382 15392 15427 15428 15438 15508 15516 15594 
	}
	weather={
		period={
			between={ 0.0 14.2 }
			temperature={ -10.0 35.0 }
			no_phenomenon=1.500
			rain_light=0.250
			rain_heavy=0.100
			snow=0.000
			blizzard=0.000
			arctic_water=0.000
			mud=0.000
			sandstorm=0.000
			min_snow_level=0.000
		}
	}
}
