
strategic_region={
	id=266
	name="STRATEGICREGION_266"
	provinces={
		589 777 1266 1472 1884 2026 3087 3512 3709 3727 3908 5131 6115 6179 6269 6365 6375 6530 6600 6769 6944 6999 7433 7477 7550 7587 7968 8229 8234 8353 8376 8740 8980 9304 9361 9505 9997 10389 10566 10608 13937 13966 14009 14071 14081 14142 14143 14150 14167 14183 14192 14193 14197 14204 14218 14261 14284 14329 14330 14378 14386 14430 14456 14505 14527 14533 14534 14551 14613 14624 14642 14667 14812 
	}
	weather={
		period={
			between={ 0.0 14.2 }
			temperature={ -10.0 35.0 }
			no_phenomenon=1.500
			rain_light=0.250
			rain_heavy=0.100
			snow=0.000
			blizzard=0.000
			arctic_water=0.000
			mud=0.000
			sandstorm=0.000
			min_snow_level=0.000
		}
	}
}
