
strategic_region={
	id=267
	name="STRATEGICREGION_267"
	provinces={
		192 461 704 721 1000 1074 1522 1687 2743 2944 3674 3982 4026 4928 4995 5133 5232 5363 5660 5784 5856 6093 6155 6366 6950 7225 7290 7432 7628 7710 8113 9522 9604 9871 10275 10383 10402 10413 10522 10619 10706 14072 14105 14248 14339 14420 14421 14422 14457 14503 14528 14552 14571 14587 14601 14614 14625 14673 14688 14710 14720 14729 14757 14762 14778 14797 14865 14879 14897 14898 14909 14944 14968 14971 14987 
	}
	weather={
		period={
			between={ 0.0 14.2 }
			temperature={ -10.0 35.0 }
			no_phenomenon=1.500
			rain_light=0.250
			rain_heavy=0.100
			snow=0.000
			blizzard=0.000
			arctic_water=0.000
			mud=0.000
			sandstorm=0.000
			min_snow_level=0.000
		}
	}
}
