
strategic_region={
	id=268
	name="STRATEGICREGION_268"
	provinces={
		159 234 503 590 617 1152 1411 1531 1837 2023 2122 2149 2170 2892 2995 3305 3773 4273 4401 4758 4873 4900 4961 4967 5043 5299 5350 5607 5769 6084 6906 7083 7512 7768 7966 7969 8290 8430 8627 8704 8955 9098 9164 9173 9409 9577 9645 9660 9762 9815 9980 10172 10637 13580 13588 13606 13636 13637 13640 13655 13672 13674 13675 13689 13694 13715 13718 13738 13756 13757 13768 13777 13778 13797 13805 13806 13811 13814 13822 13831 13832 13861 13867 13883 13884 13896 13910 13927 13928 13938 13952 13959 13960 13978 13979 14002 14010 14011 14015 14018 14025 14031 14041 14053 14144 
	}
	weather={
		period={
			between={ 0.0 14.2 }
			temperature={ -10.0 35.0 }
			no_phenomenon=1.500
			rain_light=0.250
			rain_heavy=0.100
			snow=0.000
			blizzard=0.000
			arctic_water=0.000
			mud=0.000
			sandstorm=0.000
			min_snow_level=0.000
		}
	}
}
