
strategic_region={
	id=269
	name="STRATEGICREGION_269"
	provinces={
		803 1085 1261 1720 1904 1969 2443 2730 3130 3318 3354 3570 3697 4171 4281 4304 4312 5132 5322 5542 5544 5793 6019 6109 6284 6330 6653 6695 6903 7612 7871 8062 8418 8466 8581 8635 9063 9264 9320 10194 10512 10554 10626 13086 13107 13161 13176 13198 13219 13225 13231 13271 13272 13281 13296 13297 13303 13327 13338 13342 13352 13385 13391 13443 13448 13452 13472 13496 
	}
	weather={
		period={
			between={ 0.0 14.2 }
			temperature={ -10.0 35.0 }
			no_phenomenon=1.500
			rain_light=0.250
			rain_heavy=0.100
			snow=0.000
			blizzard=0.000
			arctic_water=0.000
			mud=0.000
			sandstorm=0.000
			min_snow_level=0.000
		}
	}
}
