
strategic_region={
	id=270
	name="STRATEGICREGION_270"
	provinces={
		274 1004 1464 1701 1864 2597 3119 3220 3983 4005 4158 4501 4619 4721 5103 5224 5555 5697 5771 5916 5984 6350 6437 6474 7345 7378 7931 8056 8269 8272 10287 10442 10652 10673 13589 13602 13614 13619 13645 13653 13676 13683 13690 13707 13724 13728 13729 13733 13739 13758 13769 13770 13798 13799 13842 13843 13846 13847 13852 13868 13886 13891 13906 13942 13967 13971 13980 13997 14112 14151 
	}
	weather={
		period={
			between={ 0.0 14.2 }
			temperature={ -10.0 35.0 }
			no_phenomenon=1.500
			rain_light=0.250
			rain_heavy=0.100
			snow=0.000
			blizzard=0.000
			arctic_water=0.000
			mud=0.000
			sandstorm=0.000
			min_snow_level=0.000
		}
	}
}
