
strategic_region={
	id=271
	name="STRATEGICREGION_271"
	provinces={
		94 428 832 901 928 1792 1818 2034 2471 2648 2829 2847 3079 3563 3973 4066 4128 4503 4660 4836 5338 5912 6075 6078 6150 6314 6545 6577 7872 7996 8168 8224 8596 8960 9158 9217 9528 9616 9690 9764 9777 10234 10319 10469 10556 12398 12417 12451 12454 12462 12465 12486 12494 12510 12524 12539 12540 12555 12556 12563 12564 12586 12641 12650 12651 12677 12690 12695 12713 12720 12733 12737 12748 12762 12763 12782 12786 12790 12806 12807 12832 12844 12850 12862 12882 12896 12914 
	}
	weather={
		period={
			between={ 0.0 14.2 }
			temperature={ -10.0 35.0 }
			no_phenomenon=1.500
			rain_light=0.250
			rain_heavy=0.100
			snow=0.000
			blizzard=0.000
			arctic_water=0.000
			mud=0.000
			sandstorm=0.000
			min_snow_level=0.000
		}
	}
}
