
strategic_region={
	id=272
	name="STRATEGICREGION_272"
	provinces={
		190 579 689 1660 2022 2482 3187 3432 4835 4992 5324 5770 6166 8211 8675 8696 8779 9742 9874 10009 10091 10205 12334 12342 12347 12351 12369 12374 12387 12388 12392 12421 12428 12443 12444 12446 12471 12476 12477 12482 12493 12528 12529 12532 12533 12562 12573 12574 12594 12595 12596 12632 12633 12638 12640 12649 12752 12761 20807 
	}
	weather={
		period={
			between={ 0.0 14.2 }
			temperature={ -10.0 35.0 }
			no_phenomenon=1.500
			rain_light=0.250
			rain_heavy=0.100
			snow=0.000
			blizzard=0.000
			arctic_water=0.000
			mud=0.000
			sandstorm=0.000
			min_snow_level=0.000
		}
	}
}
