
strategic_region={
	id=273
	name="STRATEGICREGION_273"
	provinces={
		121 853 856 1581 1597 2989 3203 3427 3965 4414 4720 5300 5892 6004 6159 6367 6727 7050 7154 7224 7256 7766 7906 8223 8498 9396 9542 9641 10111 10193 10369 12897 12905 12909 12932 12955 13013 13031 13056 13072 13094 13098 13099 13112 13143 13151 13178 13201 13210 13213 13243 13273 13284 13288 
	}
	weather={
		period={
			between={ 0.0 14.2 }
			temperature={ -10.0 35.0 }
			no_phenomenon=1.500
			rain_light=0.250
			rain_heavy=0.100
			snow=0.000
			blizzard=0.000
			arctic_water=0.000
			mud=0.000
			sandstorm=0.000
			min_snow_level=0.000
		}
	}
}
