
strategic_region={
	id=274
	name="STRATEGICREGION_274"
	provinces={
		106 179 255 586 748 767 867 1478 1637 1882 1984 2169 2344 2459 2543 2545 2640 3565 3899 4181 4940 4958 5508 5561 5601 6291 6373 6401 6458 6486 6618 7119 7191 7241 7506 7776 8140 8578 8726 8967 9181 9402 9685 10088 10212 12799 12800 12801 12836 12881 12908 12913 12926 12945 12954 12961 12965 13005 13052 13055 13069 13089 13141 13152 13153 13167 13187 13199 13247 13262 13267 
	}
	weather={
		period={
			between={ 0.0 14.2 }
			temperature={ -10.0 35.0 }
			no_phenomenon=1.500
			rain_light=0.250
			rain_heavy=0.100
			snow=0.000
			blizzard=0.000
			arctic_water=0.000
			mud=0.000
			sandstorm=0.000
			min_snow_level=0.000
		}
	}
}
