
strategic_region={
	id=275
	name="STRATEGICREGION_275"
	provinces={
		2059 2287 2331 3436 3531 3548 3957 4017 4030 4428 4918 5118 5248 5398 5491 5903 6814 7842 8600 8649 9151 9761 9788 9829 9906 10017 13240 13316 13320 13329 13355 13379 13386 13408 13427 13436 13444 13455 13459 13462 13483 13489 13497 13523 13530 13531 13535 13555 13566 13567 13595 
	}
	weather={
		period={
			between={ 0.0 14.2 }
			temperature={ -10.0 35.0 }
			no_phenomenon=1.500
			rain_light=0.250
			rain_heavy=0.100
			snow=0.000
			blizzard=0.000
			arctic_water=0.000
			mud=0.000
			sandstorm=0.000
			min_snow_level=0.000
		}
	}
}
