
strategic_region={
	id=277
	name="STRATEGICREGION_277"
	provinces={
		112 115 328 506 546 958 1088 1157 1391 1399 1505 2069 2455 2754 2870 2965 3067 3810 4268 4446 4530 4559 4561 4571 4681 4802 4860 4973 5374 5450 5626 6031 6045 6329 6404 6879 6883 7142 7197 7341 7394 7528 8503 8674 8795 9613 9676 9678 9909 10158 10187 10430 10737 12433 12461 12485 12509 12517 12518 12523 12538 12577 12578 12624 12631 12648 12658 12665 12671 12689 12698 12715 12719 12731 12732 12759 12760 12770 12775 12781 12789 12813 12821 12822 12825 12843 12853 12866 12874 12887 12892 12899 12912 12931 12953 13004 13012 13051 13060 13061 13088 13101 13142 13150 13173 13188 
	}
	weather={
		period={
			between={ 0.0 14.2 }
			temperature={ -10.0 35.0 }
			no_phenomenon=1.500
			rain_light=0.250
			rain_heavy=0.100
			snow=0.000
			blizzard=0.000
			arctic_water=0.000
			mud=0.000
			sandstorm=0.000
			min_snow_level=0.000
		}
	}
}
