
strategic_region={
	id=278
	name="STRATEGICREGION_278"
	provinces={
		37 170 250 733 1006 1042 1591 1625 2262 2714 4688 4728 5191 5683 5774 5804 6239 6428 6502 6596 7195 7231 7593 7767 7813 8066 8114 8721 9208 9800 10012 10120 10181 10312 10446 13127 13146 13177 13183 13200 13202 13207 13217 13227 13232 13255 13266 13289 13304 13345 13354 13365 13372 13374 13378 13416 13450 13461 13473 13488 13492 13506 13515 13573 13581 13610 
	}
	weather={
		period={
			between={ 0.0 14.2 }
			temperature={ -10.0 35.0 }
			no_phenomenon=1.500
			rain_light=0.250
			rain_heavy=0.100
			snow=0.000
			blizzard=0.000
			arctic_water=0.000
			mud=0.000
			sandstorm=0.000
			min_snow_level=0.000
		}
	}
}
