
strategic_region={
	id=279
	name="STRATEGICREGION_279"
	provinces={
		119 193 319 709 747 1331 1709 1985 2180 2298 2326 2404 2790 3076 3362 3470 3584 3781 3832 4358 4374 4534 4592 4751 4946 5029 5202 5227 5623 5679 6752 6838 6929 7030 7219 7495 7629 7725 7827 7828 8067 8285 8324 8334 8413 8685 8844 8942 9490 9773 9872 9943 10406 10461 12840 12864 12865 12894 12895 12904 12911 12925 12944 12950 12959 12960 12969 12982 12996 13002 13003 13011 13026 13027 13028 13041 13054 13059 13077 13078 13087 13093 13110 13111 13114 13122 13126 13130 13132 13133 13139 13149 13155 13162 13165 13171 13189 13190 13204 13205 13206 13215 13216 13220 13221 13223 13226 13235 13246 13259 13286 13287 13300 13308 13309 13310 13347 13364 13403 
	}
	weather={
		period={
			between={ 0.0 14.2 }
			temperature={ -10.0 35.0 }
			no_phenomenon=1.500
			rain_light=0.250
			rain_heavy=0.100
			snow=0.000
			blizzard=0.000
			arctic_water=0.000
			mud=0.000
			sandstorm=0.000
			min_snow_level=0.000
		}
	}
}
