
strategic_region={
	id=28
	name="STRATEGICREGION_28"
	provinces={
		45 554 672 1005 1100 1711 1824 1983 2393 2733 3031 3412 3554 3750 4084 4756 4768 5483 5597 6229 6439 7375 7667 7700 7825 7898 8906 9115 9504 9687 10148 10392 10587 12742 12860 12885 12903 12940 12968 13001 13025 13043 13044 13068 13071 13085 13103 13118 13129 13148 13186 13197 13252 13253 13254 13270 13285 13291 13326 
	}
	weather={
		period={
			between={ 0.0 14.2 }
			temperature={ -10.0 35.0 }
			no_phenomenon=1.500
			rain_light=0.250
			rain_heavy=0.100
			snow=0.000
			blizzard=0.000
			arctic_water=0.000
			mud=0.000
			sandstorm=0.000
			min_snow_level=0.000
		}
	}
}
