
strategic_region={
	id=3
	name="STRATEGICREGION_3"
	provinces={
		181 288 874 1116 1183 1210 1276 1409 1577 1614 1671 1715 1833 1858 1998 2094 2321 2998 3177 3208 3348 3823 4103 4647 4792 5166 5444 5477 5821 6087 6240 6730 7274 7324 7605 7739 7758 8266 8673 8722 9004 9293 9924 10399 13659 13685 13705 13734 13808 13815 13823 13824 13833 13869 13870 13900 13901 13940 13945 13962 13974 13975 13999 14043 14044 14073 14090 14097 14098 14152 14170 14171 14219 14239 14289 14315 14321 14341 14349 14382 14388 14433 14471 
	}
	weather={
		period={
			between={ 0.0 14.2 }
			temperature={ -10.0 35.0 }
			no_phenomenon=1.500
			rain_light=0.250
			rain_heavy=0.100
			snow=0.000
			blizzard=0.000
			arctic_water=0.000
			mud=0.000
			sandstorm=0.000
			min_snow_level=0.000
		}
	}
}
