
strategic_region={
	id=31
	name="STRATEGICREGION_31"
	provinces={
		402 836 852 1072 1382 1541 2209 2511 2655 2713 2727 2765 3216 3319 3599 3804 3922 3933 4154 4176 4242 4440 4754 5119 5323 5423 5510 5674 5792 5938 6056 6243 6315 6475 6794 7288 7697 8100 8293 8510 8766 8965 9228 9579 9700 9837 10093 10180 10645 18729 18739 18774 18801 18806 18837 18852 18853 18884 18893 18933 18960 18973 19002 19011 19012 19013 19023 19042 19043 19074 19079 19080 19081 19095 19103 19131 19143 19169 19210 19211 19214 19223 19224 19250 19294 19313 19343 19367 19376 19425 19432 19467 19531 19566 19633 
	}
	weather={
		period={
			between={ 0.0 14.2 }
			temperature={ -10.0 35.0 }
			no_phenomenon=1.500
			rain_light=0.250
			rain_heavy=0.100
			snow=0.000
			blizzard=0.000
			arctic_water=0.000
			mud=0.000
			sandstorm=0.000
			min_snow_level=0.000
		}
	}
}
