
strategic_region={
	id=32
	name="STRATEGICREGION_32"
	provinces={
		16 541 559 1206 1573 1641 1722 1817 1886 1892 2074 2142 2285 2411 2488 2821 2907 3029 3288 3400 3453 3927 4014 4308 4390 4430 4575 4600 4719 5159 5636 5644 5684 6042 6131 6249 6337 6523 6678 6721 6763 6826 6981 7237 7291 7454 8172 8372 8832 9053 9056 9210 9215 9223 9519 9637 10107 10168 10213 10518 10650 10721 10763 10790 14706 14717 14745 14746 14806 14818 14832 14866 14937 14945 14955 15009 15021 15056 15065 15175 15204 15210 15278 15320 15349 15376 15445 15464 15554 15590 15591 15603 15618 15654 15728 15729 15766 15815 15896 15914 15947 16093 16119 16146 16158 16233 16299 16332 16366 16385 16398 16422 16456 16461 16486 16502 16513 16576 16602 16626 16673 20132 20290 20294 20334 20358 20479 20530 20563 20728 
	}
	weather={
		period={
			between={ 0.0 14.2 }
			temperature={ -10.0 35.0 }
			no_phenomenon=1.500
			rain_light=0.250
			rain_heavy=0.100
			snow=0.000
			blizzard=0.000
			arctic_water=0.000
			mud=0.000
			sandstorm=0.000
			min_snow_level=0.000
		}
	}
}
