
strategic_region={
	id=33
	name="STRATEGICREGION_33"
	provinces={
		210 256 921 956 1213 1794 2489 2818 3179 3263 3493 3526 3764 4063 4294 4747 5050 5585 6307 7368 7439 7494 7638 8097 8160 8582 9156 9391 9525 10388 10685 10792 10793 10794 10797 10798 10805 10811 10812 10818 10819 10823 10827 10830 10831 10841 10842 10881 10896 10909 10924 10942 10944 10955 10959 10986 11021 11029 11030 11039 11052 11063 11064 11076 11077 11083 11094 11099 11106 11116 
	}
	weather={
		period={
			between={ 0.0 14.2 }
			temperature={ -31.0 0.0 }
			no_phenomenon=1.570
			rain_light=0.000
			rain_heavy=0.000
			snow=0.280
			blizzard=0.570
			arctic_water=0.130
			mud=0.000
			sandstorm=0.000
			min_snow_level=0.000
		}
	}
}
