
strategic_region={
	id=34
	name="STRATEGICREGION_34"
	provinces={
		134 208 211 214 393 456 1137 1229 1247 1311 1313 1415 1706 1716 1911 1913 2193 2265 2364 2370 2425 2517 2919 3073 3127 3274 3304 3525 3648 3856 3974 3981 4062 4226 4257 4424 4640 4726 4782 5010 5037 5060 5086 5400 5411 5446 5701 5833 5859 5925 5994 6012 6125 6197 6494 6495 6547 6554 6635 6666 6882 6919 6937 7037 7063 7073 7175 7177 7318 7461 7479 7518 7713 7784 7803 7838 8008 8136 8187 8243 8397 8837 9226 9408 9452 9554 9585 9593 9703 9819 9916 9947 10105 10756 10766 12467 12488 12512 12515 12552 12569 12570 12579 12590 12613 12618 12626 12627 12635 12636 12661 12662 12691 12692 12700 12716 12735 12736 12739 12744 12753 12754 12755 12767 12777 12794 12795 12802 12803 12808 12809 12810 12815 12834 12848 12852 12854 12855 12856 12863 12875 12889 12898 12910 12920 12921 12927 12934 12935 12936 12941 12942 12946 12951 12963 12966 12971 12979 12986 12987 12994 12997 13008 13022 13035 13038 13045 13046 13047 13065 13076 13079 13081 13105 13108 20808 20809 
	}
	weather={
		period={
			between={ 0.0 14.2 }
			temperature={ -10.0 35.0 }
			no_phenomenon=1.500
			rain_light=0.250
			rain_heavy=0.100
			snow=0.000
			blizzard=0.000
			arctic_water=0.000
			mud=0.000
			sandstorm=0.000
			min_snow_level=0.000
		}
	}
}
