
strategic_region={
	id=36
	name="STRATEGICREGION_36"
	provinces={
		42 100 355 473 667 712 772 871 1621 1675 2313 3091 3149 3492 3583 3617 3620 4439 4607 4846 4865 5243 5355 5860 6128 6500 7041 7059 7169 7238 7359 7367 7538 7757 7981 8085 8169 8479 8545 8720 9553 9567 9631 9667 9736 9765 10051 10343 10397 11833 11840 11841 11880 11931 11965 11977 11999 12004 12010 12051 12052 12057 12084 12089 12199 12200 12209 12232 12252 12290 12344 12361 12393 12406 12456 12499 12519 12535 12580 12598 12663 12745 
	}
	weather={
		period={
			between={ 0.0 14.2 }
			temperature={ -10.0 35.0 }
			no_phenomenon=1.500
			rain_light=0.250
			rain_heavy=0.100
			snow=0.000
			blizzard=0.000
			arctic_water=0.000
			mud=0.000
			sandstorm=0.000
			min_snow_level=0.000
		}
	}
}
