
strategic_region={
	id=37
	name="STRATEGICREGION_37"
	provinces={
		149 384 448 786 1097 1122 1187 1412 1944 1951 2006 2083 2086 2509 2527 3572 4129 4321 4451 4685 4924 4930 5028 5207 5430 5608 5743 5762 5785 5844 5977 6079 6124 6134 6146 6786 6795 6821 7040 7595 7750 7836 8142 8630 8727 9022 9143 9202 9240 9359 9555 10527 10532 10753 11087 11103 11109 11113 11119 11146 11162 11172 11173 11183 11184 11193 11195 11197 11202 11209 11212 11223 11225 11226 11227 11231 11233 11235 11238 11240 11244 11259 11263 11265 11266 11273 11287 11288 11302 11303 11320 11335 11343 11344 11351 11352 11365 11374 11378 11379 11385 11393 11394 11401 11411 11412 
	}
	weather={
		period={
			between={ 0.0 14.2 }
			temperature={ -10.0 35.0 }
			no_phenomenon=1.500
			rain_light=0.250
			rain_heavy=0.100
			snow=0.000
			blizzard=0.000
			arctic_water=0.000
			mud=0.000
			sandstorm=0.000
			min_snow_level=0.000
		}
	}
}
