
strategic_region={
	id=38
	name="STRATEGICREGION_38"
	provinces={
		91 507 566 872 1221 1491 1997 2164 2422 3047 3681 4235 4596 4608 4634 5218 6047 6268 6440 6540 6638 6998 7048 7226 7489 7516 7699 7749 7977 8112 8268 8663 8990 9005 9123 9546 10126 10259 10559 10748 11348 11435 11436 11446 11447 11486 11497 11519 11525 11534 11549 11565 11575 11592 11619 11620 11630 11633 11647 11674 11675 11676 11683 11688 11691 11723 11724 11729 11744 11762 11783 11790 11825 11846 11873 11874 
	}
	weather={
		period={
			between={ 0.0 14.2 }
			temperature={ -10.0 35.0 }
			no_phenomenon=1.500
			rain_light=0.250
			rain_heavy=0.100
			snow=0.000
			blizzard=0.000
			arctic_water=0.000
			mud=0.000
			sandstorm=0.000
			min_snow_level=0.000
		}
	}
}
