
strategic_region={
	id=39
	name="STRATEGICREGION_39"
	provinces={
		635 1165 1517 1534 1893 2085 2204 2398 2794 2860 2943 3225 3338 3380 3564 3636 3728 3838 4004 4082 4099 4142 4513 4552 4689 5949 6071 6325 6787 7136 7279 7303 7334 7467 7623 7753 8044 8173 8585 9182 9195 9203 9458 10132 10459 11425 11471 11487 11503 11509 11540 11566 11621 11622 11677 11696 11697 11725 11730 11765 11766 11791 11855 11856 11870 11898 11937 11959 11985 11997 12005 12011 12036 12098 
	}
	weather={
		period={
			between={ 0.0 14.2 }
			temperature={ -10.0 35.0 }
			no_phenomenon=1.500
			rain_light=0.250
			rain_heavy=0.100
			snow=0.000
			blizzard=0.000
			arctic_water=0.000
			mud=0.000
			sandstorm=0.000
			min_snow_level=0.000
		}
	}
}
