
strategic_region={
	id=4
	name="STRATEGICREGION_4"
	provinces={
		90 403 905 1029 1917 2153 2615 2940 3016 3145 3331 3426 3469 3707 3734 4183 4288 4716 4727 4957 5302 5817 5878 5910 7053 7344 7619 7760 7857 8448 8662 8730 9459 10177 14049 14062 14095 14096 14123 14145 14163 14169 14185 14198 14214 14236 14243 14252 14279 14320 14348 14354 14369 14381 14398 14425 14441 14448 14470 14486 14504 14545 14573 14590 14616 14635 14643 14644 14661 14674 
	}
	weather={
		period={
			between={ 0.0 14.2 }
			temperature={ -10.0 35.0 }
			no_phenomenon=1.500
			rain_light=0.250
			rain_heavy=0.100
			snow=0.000
			blizzard=0.000
			arctic_water=0.000
			mud=0.000
			sandstorm=0.000
			min_snow_level=0.000
		}
	}
}
