
strategic_region={
	id=40
	name="STRATEGICREGION_40"
	provinces={
		396 500 523 660 833 1209 1404 1438 1657 1890 1905 2466 2803 2824 3290 3846 4011 4013 4272 4423 4676 5075 6049 6065 6083 6818 6951 7372 7458 8238 8500 8547 8780 8881 8899 9059 9064 9160 9222 9494 9711 9988 10031 11035 11036 11062 11095 11102 11104 11120 11121 11128 11129 11133 11142 11147 11148 11151 11152 11155 11156 11165 11166 11169 11174 11176 11178 11179 11182 11185 11190 11191 11198 11200 11203 11204 11207 11210 11219 11228 11232 11245 11249 11250 11282 
	}
	weather={
		period={
			between={ 0.0 14.2 }
			temperature={ -10.0 35.0 }
			no_phenomenon=1.500
			rain_light=0.250
			rain_heavy=0.100
			snow=0.000
			blizzard=0.000
			arctic_water=0.000
			mud=0.000
			sandstorm=0.000
			min_snow_level=0.000
		}
	}
}
