
strategic_region={
	id=41
	name="STRATEGICREGION_41"
	provinces={
		329 375 496 699 753 943 978 1031 1251 1372 1373 1377 1553 1698 1806 1832 1957 1975 1995 2110 2184 2358 2476 2932 3018 3074 3212 3413 3446 3597 3778 3885 3914 4115 4116 4237 4245 4250 4533 4724 4731 5074 5171 5172 5180 5388 5569 5628 5630 5809 6182 6203 6209 6279 6384 6430 6859 7061 7066 7403 7465 7731 7870 8028 8407 8450 8754 8883 8895 8917 9127 9463 9468 9562 9573 9638 9826 9842 9925 9927 10179 10507 10688 11218 11247 11268 11274 11275 11285 11294 11296 11304 11305 11310 11315 11326 11332 11337 11338 11355 11359 11367 11371 11375 11380 11386 11414 11419 11429 11433 11438 11444 11453 11456 11465 11476 11480 11491 11494 11499 11505 11526 11527 11542 11553 11557 11560 11561 11572 11584 11598 11616 11637 11642 11698 11702 11715 11746 11776 20805 
	}
	weather={
		period={
			between={ 0.0 14.2 }
			temperature={ -10.0 35.0 }
			no_phenomenon=1.500
			rain_light=0.250
			rain_heavy=0.100
			snow=0.000
			blizzard=0.000
			arctic_water=0.000
			mud=0.000
			sandstorm=0.000
			min_snow_level=0.000
		}
	}
}
