
strategic_region={
	id=42
	name="STRATEGICREGION_42"
	provinces={
		251 620 1320 1811 2090 2213 2360 2575 2656 2758 3112 3120 3139 3904 4067 4144 4218 4550 4661 4738 4772 5141 5518 6168 6348 6394 6438 6469 6534 6693 6813 7101 7138 7190 7354 7471 7531 7621 8057 8279 8590 8601 8659 9424 9572 10775 11721 11726 11749 11756 11757 11758 11767 11768 11769 11784 11813 11814 11819 11857 11858 11891 11899 11907 11947 11960 11968 11969 11972 11973 11986 11987 11992 12015 12018 12026 12032 12069 12143 
	}
	weather={
		period={
			between={ 0.0 14.2 }
			temperature={ -10.0 35.0 }
			no_phenomenon=1.500
			rain_light=0.250
			rain_heavy=0.100
			snow=0.000
			blizzard=0.000
			arctic_water=0.000
			mud=0.000
			sandstorm=0.000
			min_snow_level=0.000
		}
	}
}
