
strategic_region={
	id=43
	name="STRATEGICREGION_43"
	provinces={
		372 955 957 1423 1492 1601 1974 2000 2002 2556 2647 3060 3345 4009 4078 4335 4383 4436 4748 4962 5193 5316 5432 5547 5642 5745 5927 6095 6144 6753 6978 7658 7693 8005 8021 8064 8556 8628 8640 8760 8932 9169 9620 9783 9866 9903 9957 10003 10074 10225 10269 10661 11345 11354 11427 11428 11443 11475 11479 11484 11504 11510 11511 11516 11545 11546 11552 11555 11556 11571 11578 11579 11603 11613 11624 11635 11636 11648 11651 11657 11666 11689 11690 11709 11713 11731 11745 11750 11759 11763 11798 11807 11820 11883 20806 
	}
	weather={
		period={
			between={ 0.0 14.2 }
			temperature={ -10.0 35.0 }
			no_phenomenon=1.500
			rain_light=0.250
			rain_heavy=0.100
			snow=0.000
			blizzard=0.000
			arctic_water=0.000
			mud=0.000
			sandstorm=0.000
			min_snow_level=0.000
		}
	}
}
