
strategic_region={
	id=44
	name="STRATEGICREGION_44"
	provinces={
		5 225 277 397 463 606 951 1123 2349 2522 2826 3075 3089 3202 3912 4162 4219 4935 5080 5521 5627 6126 6189 6193 6392 6728 7907 8000 8291 8509 8790 8975 9706 9827 10294 10344 10700 10739 11271 11278 11295 11313 11314 11346 11406 11418 11426 11451 11464 11467 11472 11498 11520 11535 11541 11550 11551 11567 11576 11577 11583 11609 11615 11623 11631 11634 11664 11665 11678 11692 11705 11706 
	}
	weather={
		period={
			between={ 0.0 14.2 }
			temperature={ -10.0 35.0 }
			no_phenomenon=1.500
			rain_light=0.250
			rain_heavy=0.100
			snow=0.000
			blizzard=0.000
			arctic_water=0.000
			mud=0.000
			sandstorm=0.000
			min_snow_level=0.000
		}
	}
}
