
strategic_region={
	id=45
	name="STRATEGICREGION_45"
	provinces={
		366 422 504 591 821 1151 1702 2050 2506 2690 2852 3066 3209 3284 3429 3824 4105 4323 4352 4789 4801 4932 4990 4996 5026 5237 5384 5452 5972 6281 6289 6685 7091 7384 7916 8346 8419 8631 8872 9337 9801 10041 10549 10612 10722 10726 11088 11115 11122 11134 11149 11161 11164 11175 11186 11187 11205 11206 11216 11220 11236 11253 11255 11262 11267 11279 11283 11292 11293 11309 11321 11322 11330 11336 11353 11366 11388 11395 11413 11448 11452 
	}
	weather={
		period={
			between={ 0.0 14.2 }
			temperature={ -10.0 35.0 }
			no_phenomenon=1.500
			rain_light=0.250
			rain_heavy=0.100
			snow=0.000
			blizzard=0.000
			arctic_water=0.000
			mud=0.000
			sandstorm=0.000
			min_snow_level=0.000
		}
	}
}
