
strategic_region={
	id=46
	name="STRATEGICREGION_46"
	provinces={
		690 740 1190 1231 1830 1856 1938 2281 2428 3053 3401 3450 3479 3875 4239 4468 4652 4656 4795 4920 5952 6226 6244 6612 6689 6756 6842 6877 7852 8336 8544 8553 8609 8618 8758 8994 9386 9400 9516 9886 10116 10159 10358 10468 11722 11815 11836 11864 11875 11902 11933 11934 11952 11961 11974 11998 12019 12037 12053 12077 12085 12090 12099 12117 12124 12136 12142 12146 12161 12171 12177 12188 12213 12214 12227 12236 12262 12279 12285 12286 12310 12332 12350 
	}
	weather={
		period={
			between={ 0.0 14.2 }
			temperature={ -10.0 35.0 }
			no_phenomenon=1.500
			rain_light=0.250
			rain_heavy=0.100
			snow=0.000
			blizzard=0.000
			arctic_water=0.000
			mud=0.000
			sandstorm=0.000
			min_snow_level=0.000
		}
	}
}
