
strategic_region={
	id=47
	name="STRATEGICREGION_47"
	provinces={
		387 453 599 1300 1564 4356 4548 4601 4646 4968 5082 5240 5361 6351 6515 6546 6692 7484 7502 8202 8433 8796 8816 9110 9255 9279 10267 12297 12321 12340 12352 12358 12377 12401 12409 12424 12429 12430 12431 12439 12445 12457 12474 12479 12505 12520 12531 12542 12567 12576 12603 12607 12621 12629 12646 12657 12664 12686 12697 
	}
	weather={
		period={
			between={ 0.0 14.2 }
			temperature={ -10.0 35.0 }
			no_phenomenon=1.500
			rain_light=0.250
			rain_heavy=0.100
			snow=0.000
			blizzard=0.000
			arctic_water=0.000
			mud=0.000
			sandstorm=0.000
			min_snow_level=0.000
		}
	}
}
