
strategic_region={
	id=48
	name="STRATEGICREGION_48"
	provinces={
		676 846 1310 1626 1932 1948 2019 2181 2182 2224 2335 2952 3061 3108 3111 3186 3464 3466 3611 3936 4028 4057 4070 4189 4528 4831 5035 5185 5429 5650 6832 7648 8716 9046 9360 9474 9571 10170 10304 10317 10415 10463 12229 12233 12253 12280 12312 12313 12319 12363 12390 12410 12415 12419 12425 12426 12448 12469 12480 12516 12521 12548 12553 12571 12582 12599 12611 12669 12680 12702 
	}
	weather={
		period={
			between={ 0.0 14.2 }
			temperature={ -10.0 35.0 }
			no_phenomenon=1.500
			rain_light=0.250
			rain_heavy=0.100
			snow=0.000
			blizzard=0.000
			arctic_water=0.000
			mud=0.000
			sandstorm=0.000
			min_snow_level=0.000
		}
	}
}
