
strategic_region={
	id=49
	name="STRATEGICREGION_49"
	provinces={
		83 317 675 745 758 975 1444 1488 2223 2375 2562 2855 2869 3903 4203 4311 4783 5097 5270 5382 5772 6129 7094 7418 7497 7567 8017 8082 8351 8412 8470 8594 8784 8957 8998 9002 9335 9830 9881 9978 10338 10499 10601 11699 11760 11770 11771 11785 11792 11799 11826 11827 11834 11847 11865 11881 11887 11892 11903 11922 11923 11938 11962 11988 12000 12040 12041 12055 12100 12104 12137 12153 12174 12196 12201 12220 12245 12250 12275 12291 12305 12311 12333 
	}
	weather={
		period={
			between={ 0.0 14.2 }
			temperature={ -10.0 35.0 }
			no_phenomenon=1.500
			rain_light=0.250
			rain_heavy=0.100
			snow=0.000
			blizzard=0.000
			arctic_water=0.000
			mud=0.000
			sandstorm=0.000
			min_snow_level=0.000
		}
	}
}
