
strategic_region={
	id=5
	name="STRATEGICREGION_5"
	provinces={
		155 299 302 811 1668 1940 2045 2192 2510 2549 2671 2722 2737 2785 2868 3237 4232 4320 5087 5354 5410 5509 5752 5954 6069 6156 6331 6528 6551 6894 7457 7942 8241 8568 8700 8755 9129 9284 9314 9556 9708 10129 10228 10272 10420 10452 10590 10653 10684 10752 14721 14747 14764 14788 14798 14799 14807 14833 14900 14929 14938 14972 14980 15004 15028 15048 15093 15134 15176 15211 15226 15260 15294 15297 15321 15326 15331 15351 15370 15393 15416 15432 15496 15509 15521 15535 
	}
	weather={
		period={
			between={ 0.0 14.2 }
			temperature={ -10.0 35.0 }
			no_phenomenon=1.500
			rain_light=0.250
			rain_heavy=0.100
			snow=0.000
			blizzard=0.000
			arctic_water=0.000
			mud=0.000
			sandstorm=0.000
			min_snow_level=0.000
		}
	}
}
