
strategic_region={
	id=50
	name="STRATEGICREGION_50"
	provinces={
		105 323 360 390 573 697 799 883 960 1032 1197 1270 1314 1349 1353 1393 1480 1653 1841 2001 2044 2099 2155 2480 2842 2853 2939 3155 3226 3276 3375 3624 3721 4010 4114 4371 4400 4418 4493 4627 4715 4853 4908 5011 5272 5279 5285 5291 5369 5422 5656 5914 6063 6105 6143 6368 6580 6714 6957 6992 7078 7321 7340 7455 7569 7719 7925 8105 8107 8166 8283 8303 8603 8666 8738 9033 9050 9175 9453 9728 9731 9820 9828 9984 10015 10449 10660 10762 12324 12362 12389 12394 12418 12438 12441 12442 12468 12473 12484 12489 12490 12525 12526 12527 12547 12559 12565 12566 12581 12591 12592 12610 12614 12620 12628 12642 12645 12656 12668 12675 12679 12685 12696 12701 12714 12728 12729 12740 12749 12750 12768 12778 12779 12787 12811 12828 12829 12835 12837 12838 12839 12871 12876 12877 12922 12928 12929 12937 12947 12958 12972 12980 12988 12989 12990 12995 12998 12999 13017 13018 13024 13042 13048 13049 13053 13070 13091 13096 
	}
	weather={
		period={
			between={ 0.0 14.2 }
			temperature={ -10.0 35.0 }
			no_phenomenon=1.500
			rain_light=0.250
			rain_heavy=0.100
			snow=0.000
			blizzard=0.000
			arctic_water=0.000
			mud=0.000
			sandstorm=0.000
			min_snow_level=0.000
		}
	}
}
