
strategic_region={
	id=51
	name="STRATEGICREGION_51"
	provinces={
		153 247 313 433 511 744 1287 1302 1322 1445 1566 1669 1866 2135 2158 2342 2359 2614 2755 2834 3542 3943 4492 4498 4713 4780 4952 5027 5055 5101 5329 5362 5516 5767 5941 6299 6380 6599 6627 6665 6716 6912 6930 7434 7790 7791 7912 7927 7958 8278 8343 8344 8385 8599 8806 8867 8954 8968 9252 9511 9646 9651 10167 10437 10742 11485 11500 11521 11543 11568 11569 11593 11604 11643 11658 11659 11660 11679 11693 11694 11710 11711 11716 11727 11737 11751 11772 11800 11809 11821 11822 11828 11829 11848 11859 11866 11867 11868 11893 11924 11925 11926 11939 11940 11970 11989 11990 12001 12020 12021 12042 12046 12056 12058 12059 12070 12108 12109 12110 12118 12119 12138 12139 12166 12172 12178 12189 12202 12221 12237 
	}
	weather={
		period={
			between={ 0.0 14.2 }
			temperature={ -10.0 35.0 }
			no_phenomenon=1.500
			rain_light=0.250
			rain_heavy=0.100
			snow=0.000
			blizzard=0.000
			arctic_water=0.000
			mud=0.000
			sandstorm=0.000
			min_snow_level=0.000
		}
	}
}
