
strategic_region={
	id=52
	name="STRATEGICREGION_52"
	provinces={
		303 401 494 1076 1885 1894 2047 2521 2604 4215 4915 5556 7272 7293 7490 7652 7823 8045 8389 8410 8929 10070 10071 10195 10552 10755 15388 15505 15555 15586 15609 15640 15662 15687 15722 15731 15741 15773 15790 15806 15861 15874 15891 15928 15937 15972 16008 16020 16044 16048 16117 16175 
	}
	weather={
		period={
			between={ 0.0 14.2 }
			temperature={ -10.0 35.0 }
			no_phenomenon=1.500
			rain_light=0.250
			rain_heavy=0.100
			snow=0.000
			blizzard=0.000
			arctic_water=0.000
			mud=0.000
			sandstorm=0.000
			min_snow_level=0.000
		}
	}
}
