
strategic_region={
	id=53
	name="STRATEGICREGION_53"
	provinces={
		222 1051 1191 1297 1592 2100 2424 2917 3192 3262 3283 3391 4168 4313 4357 4359 5111 5428 5572 5824 6161 6493 6538 6991 7665 8033 8194 8201 8213 8356 8512 8632 8905 9055 9395 9633 10000 10020 16071 16094 16155 16164 16207 16224 16272 16275 16319 16341 16358 16371 16399 16428 16440 16446 16467 16514 16515 16563 16603 16630 16641 16658 16702 16707 16727 16737 16787 16804 16814 16824 16833 16851 16865 16879 
	}
	weather={
		period={
			between={ 0.0 14.2 }
			temperature={ -10.0 35.0 }
			no_phenomenon=1.500
			rain_light=0.250
			rain_heavy=0.100
			snow=0.000
			blizzard=0.000
			arctic_water=0.000
			mud=0.000
			sandstorm=0.000
			min_snow_level=0.000
		}
	}
}
