
strategic_region={
	id=55
	name="STRATEGICREGION_55"
	provinces={
		12 62 467 850 1068 1345 1717 1741 2311 3097 3162 3308 3516 3529 3544 3612 3799 3801 4256 4448 4473 4514 5599 5730 5797 6061 6081 6662 6736 6815 6891 6961 7172 7201 7222 7304 7488 7688 8428 8655 8706 8741 8949 9126 9256 9288 9307 9467 10103 10327 16769 16813 16843 16878 16927 16944 16967 16990 17033 17053 17078 17085 17109 17111 17116 17117 17145 17175 17179 17187 17205 17235 17244 17250 17261 17272 17293 17303 17321 17342 17360 17383 17399 17421 17515 
	}
	weather={
		period={
			between={ 0.0 14.2 }
			temperature={ -10.0 35.0 }
			no_phenomenon=1.500
			rain_light=0.250
			rain_heavy=0.100
			snow=0.000
			blizzard=0.000
			arctic_water=0.000
			mud=0.000
			sandstorm=0.000
			min_snow_level=0.000
		}
	}
}
