
strategic_region={
	id=56
	name="STRATEGICREGION_56"
	provinces={
		315 388 410 497 1083 1216 1453 1582 1638 1949 2299 2377 2396 2401 2605 2643 2910 3261 3440 3642 3724 4363 4435 4618 4741 4746 5165 5216 5244 5478 5602 5982 6038 6246 6624 6755 6845 7012 7159 7308 7549 7733 8262 8608 9213 9363 9532 9642 9780 9796 10295 10426 10496 16736 16749 16757 16829 16842 16860 16876 16877 16891 16904 16905 16943 16957 16977 16989 17022 17023 17038 17052 17062 17071 17077 17082 17103 17108 17124 17128 17142 17155 17173 17174 17212 17243 17329 17344 17364 
	}
	weather={
		period={
			between={ 0.0 14.2 }
			temperature={ -10.0 35.0 }
			no_phenomenon=1.500
			rain_light=0.250
			rain_heavy=0.100
			snow=0.000
			blizzard=0.000
			arctic_water=0.000
			mud=0.000
			sandstorm=0.000
			min_snow_level=0.000
		}
	}
}
