
strategic_region={
	id=58
	name="STRATEGICREGION_58"
	provinces={
		282 685 698 1616 2134 2214 2570 2980 3410 3566 3654 4100 4161 4342 4487 4834 5188 5496 6121 6259 6807 7001 7003 7617 7676 7771 8046 8225 8319 8776 8971 9397 10286 10418 10701 17878 17879 17919 17952 17953 17999 18020 18021 18058 18074 18075 18095 18144 18174 18175 18209 18224 18236 18240 18247 18268 18306 18344 18369 18393 18404 18434 18445 18474 18484 18492 18498 18534 18561 18568 18597 18598 18629 18658 18722 
	}
	weather={
		period={
			between={ 0.0 14.2 }
			temperature={ -10.0 35.0 }
			no_phenomenon=1.500
			rain_light=0.250
			rain_heavy=0.100
			snow=0.000
			blizzard=0.000
			arctic_water=0.000
			mud=0.000
			sandstorm=0.000
			min_snow_level=0.000
		}
	}
}
