
strategic_region={
	id=59 
	name="STRATEGICREGION_59"
	provinces={
		18687 18502 18823 9890 1979 107 301 392 464 468 588 653 823 913 1111 1135 1230 1257 1596 1748 2719 2793 2950 3300 3534 3713 3964 4059 4252 4267 4675 4858 5012 5380 5616 5864 5928 5948 6116 6181 6419 6443 6542 6708 6830 6967 7135 7243 7962 8077 8342 8398 8487 8531 8636 8782 8861 8904 8916 9103 9153 9180 9683 10239 10299 10345 10396 10458 10467 10697 10703 18435 18440 18485 18511 18512 18546 18579 18603 18617 18622 18682 18695 18696 18705 18730 18731 18743 18748 18756 18790 18791 18812 18813 18821 18838 18839 18889 18900 18906 18918 18934 18935 18947 18964 18988 19016 19017 19058 19113 19114 19183 19226 
	}
	weather={
		period={
			between={ 0.0 14.2 }
			temperature={ -10.0 35.0 }
			no_phenomenon=1.500
			rain_light=0.250
			rain_heavy=0.100
			snow=0.000
			blizzard=0.000
			arctic_water=0.000
			mud=0.000
			sandstorm=0.000
			min_snow_level=0.000
		}
	}
}
