
strategic_region={
	id=6
	name="STRATEGICREGION_6"
	provinces={
		348 654 886 912 1400 1693 1840 1931 2039 2057 3273 3594 3664 3845 4806 5580 5593 5791 6512 6884 7258 7282 7385 8053 8141 8539 8595 8645 8858 9152 9582 9686 9692 10101 10758 15332 15410 15417 15419 15423 15485 15492 15504 15536 15545 15566 15567 15585 15608 15612 15625 15672 15673 15679 15680 15706 15730 15740 15759 15794 15801 15824 15841 15851 15881 15934 15948 15970 15997 
	}
	weather={
		period={
			between={ 0.0 14.2 }
			temperature={ -10.0 35.0 }
			no_phenomenon=1.500
			rain_light=0.250
			rain_heavy=0.100
			snow=0.000
			blizzard=0.000
			arctic_water=0.000
			mud=0.000
			sandstorm=0.000
			min_snow_level=0.000
		}
	}
}
