
strategic_region={
	id=61
	name="STRATEGICREGION_61"
	provinces={
		36 69 73 87 122 616 789 1078 1150 1172 1208 1323 1579 1828 1843 2225 2593 3100 3222 3325 3368 3477 3485 3614 4083 4369 4384 4434 4710 4944 5257 5377 5598 5825 6025 6060 6798 6959 7062 7147 7206 7350 7388 7474 7508 8414 8467 8793 9036 9083 9146 9427 9461 9580 10052 10127 10455 10489 18155 18198 18199 18231 18269 18270 18287 18299 18319 18327 18328 18405 18424 18446 18470 18475 18493 18510 18572 18577 18578 18583 18584 18602 18647 18648 18654 18659 18660 18694 18704 18713 18718 18723 18746 18747 18767 18809 18810 18827 18828 18834 18846 18874 18905 
	}
	weather={
		period={
			between={ 0.0 14.2 }
			temperature={ -10.0 35.0 }
			no_phenomenon=1.500
			rain_light=0.250
			rain_heavy=0.100
			snow=0.000
			blizzard=0.000
			arctic_water=0.000
			mud=0.000
			sandstorm=0.000
			min_snow_level=0.000
		}
	}
}
