
strategic_region={
	id=62
	name="STRATEGICREGION_62"
	provinces={
		254 580 1848 1929 2216 2220 2353 2406 3233 3253 4200 4213 4651 4894 5124 5150 5214 5464 5744 5868 5921 5986 6491 6874 6909 7008 7397 7511 7620 8646 9378 9559 9793 9821 10276 10553 17330 17370 17406 17427 17437 17456 17485 17493 17494 17521 17534 17560 17564 17571 17572 17611 17659 17664 17692 17697 17721 17722 17740 17747 17753 17781 17816 17874 17882 17898 17937 17966 18012 18029 18077 18087 18097 
	}
	weather={
		period={
			between={ 0.0 14.2 }
			temperature={ -10.0 35.0 }
			no_phenomenon=1.500
			rain_light=0.250
			rain_heavy=0.100
			snow=0.000
			blizzard=0.000
			arctic_water=0.000
			mud=0.000
			sandstorm=0.000
			min_snow_level=0.000
		}
	}
}
