
strategic_region={
	id=63
	name="STRATEGICREGION_63"
	provinces={ 
		646 993 1094 1241 1278 1519 1767 1901 2107 2112 2128 2525 2610 3118 3694 18377 4090 4179 4415 5064 5414 5739 6352 6496 6274 6647 6902 7269 7788 7369 7796 8038 8256 8388 8689 8694 8988 9090 9431 9625 9781 10366 10560 10569 10693 17603 17622 17650 17656 17680 17719 17741 17817 17824 17938 17939 17940 17960 18022 18059 18078 18138 18150 18281 18293 18300 18320 18381 18431 18476 
	}
	weather={
		period={
			between={ 0.0 14.2 }
			temperature={ -10.0 35.0 }
			no_phenomenon=1.500
			rain_light=0.250
			rain_heavy=0.100
			snow=0.000
			blizzard=0.000
			arctic_water=0.000
			mud=0.000
			sandstorm=0.000
			min_snow_level=0.000
		}
	}
}
