
strategic_region={
	id=64
	name="STRATEGICREGION_64"
	provinces={
		88 204 1335 1347 1516 1631 1809 2148 2369 2598 2602 2679 3790 3803 3969 4326 4344 4495 4581 4616 4885 5579 5888 5937 6270 6446 7032 7602 8300 8733 9331 10571 17337 17381 17405 17425 17426 17448 17455 17460 17476 17501 17513 17514 17520 17533 17563 17594 17620 17663 17705 17720 17774 17792 17793 17806 17923 17924 17969 17979 17990 
	}
	weather={
		period={
			between={ 0.0 14.2 }
			temperature={ -10.0 35.0 }
			no_phenomenon=1.500
			rain_light=0.250
			rain_heavy=0.100
			snow=0.000
			blizzard=0.000
			arctic_water=0.000
			mud=0.000
			sandstorm=0.000
			min_snow_level=0.000
		}
	}
}
