
strategic_region={
	id=65
	name="STRATEGICREGION_65"
	provinces={
		373 455 487 706 1166 2571 2584 2784 3069 3323 4019 4246 4303 4309 4370 4680 4890 4976 4991 5138 5146 5294 5901 6205 6371 6674 7212 7476 7566 7917 8095 9060 9322 9840 9945 10188 10235 10604 17920 17970 17971 18011 18076 18096 18112 18134 18135 18145 18194 18200 18205 18225 18232 18255 18271 18272 18279 18291 18292 18311 18316 18338 18339 18362 18386 18402 18447 18519 18545 
	}
	weather={
		period={
			between={ 0.0 14.2 }
			temperature={ -10.0 35.0 }
			no_phenomenon=1.500
			rain_light=0.250
			rain_heavy=0.100
			snow=0.000
			blizzard=0.000
			arctic_water=0.000
			mud=0.000
			sandstorm=0.000
			min_snow_level=0.000
		}
	}
}
