
strategic_region={
	id=66
	name="STRATEGICREGION_66"
	provinces={
		102 145 553 641 661 985 986 1330 1383 1524 1612 2350 2452 2926 3473 4307 4896 5305 5705 6358 6640 7249 7286 7370 7552 8121 8561 8658 9751 10138 10325 10568 10641 17785 17807 17808 17838 17883 17911 17980 18005 18079 18088 18098 18156 18176 18233 18242 18243 18248 18370 18395 
	}
	weather={
		period={
			between={ 0.0 14.2 }
			temperature={ -10.0 35.0 }
			no_phenomenon=1.500
			rain_light=0.250
			rain_heavy=0.100
			snow=0.000
			blizzard=0.000
			arctic_water=0.000
			mud=0.000
			sandstorm=0.000
			min_snow_level=0.000
		}
	}
}
