
strategic_region={
	id=67 
	name="STRATEGICREGION_67"
	provinces={
		380 439 594 805 857 1160 1432 1477 1831  2183 2468 2914 3034 3530 3717 3798 4047 4071 4209 4672 4691 4692 5635 5865  6470 7680  8259 8471 8496 8520 8537 9377 9425 9447 9483 9864  9967 10008 10232 10365 10409 10457 10593 18307  18378 18436 18499  18520 18580 18585 18599 18630 18638 18661  18714 18732 18769 18814 18822  18868 18885 18890 18891 18895 18922 18928 18942 18948 18971 18975 19052 19105 19106 19148 
	}
	weather={
		period={
			between={ 0.0 14.2 }
			temperature={ -10.0 35.0 }
			no_phenomenon=1.500
			rain_light=0.250
			rain_heavy=0.100
			snow=0.000
			blizzard=0.000
			arctic_water=0.000
			mud=0.000
			sandstorm=0.000
			min_snow_level=0.000
		}
	}
}
