
strategic_region={
	id=68
	name="STRATEGICREGION_68"
	provinces={
		65 231 235 657 1309 1595 1991 2810 3289 3598 3602 3763 4126 4196 4925 4983 5156 5262 5317 5669 6442 6634 6972 7343 8094 8167 8180 9125 9272 9952 10125 10478 10572 18302 18312 18332 18353 18354 18363 18364 18382 18400 18406 18455 18456 18457 18463 18477 18503 18504 18525 18527 18528 18552 18573 18592 18593 18618 18649 18655 18673 18683 18761 18803 
	}
	weather={
		period={
			between={ 0.0 14.2 }
			temperature={ -10.0 35.0 }
			no_phenomenon=1.500
			rain_light=0.250
			rain_heavy=0.100
			snow=0.000
			blizzard=0.000
			arctic_water=0.000
			mud=0.000
			sandstorm=0.000
			min_snow_level=0.000
		}
	}
}
