
strategic_region={
	id=69
	name="STRATEGICREGION_69"
	provinces={
		808 1258 1495 1777 1787 2010 2132 2665 2781 2895 3320 3356 3655 3780 3916 4016 4069 4169 4787 5044 5168 5353 5527 5571 6009 6068 6238 6732 7042 7060 7464 8032 8643 8886 9368 9623 9747 9946 10189 18662 18663 18664 18665 18724 18762 18772 18779 18786 18792 18796 18824 18840 18923 18929 18965 18986 19007 19037 19053 19060 19070 19120 19127 19153 19173 19188 19236 19237 19240 19272 19281 19298 19316 19347 19359 19410 19421 19422 
	}
	weather={
		period={
			between={ 0.0 14.2 }
			temperature={ -10.0 35.0 }
			no_phenomenon=1.500
			rain_light=0.250
			rain_heavy=0.100
			snow=0.000
			blizzard=0.000
			arctic_water=0.000
			mud=0.000
			sandstorm=0.000
			min_snow_level=0.000
		}
	}
}
