
strategic_region={
	id=7
	name="STRATEGICREGION_7"
	provinces={
		280 306 309 498 525 609 1106 1129 1413 1674 1689 1733 2055 2076 2165 2177 2405 2710 2763 2942 2958 3049 3467 3675 3864 4286 4290 4336 4599 4857 4883 5167 5183 5565 5662 5722 5731 5733 6192 6361 6723 6918 7020 7187 7391 7554 7783 7992 8491 8715 8931 9057 9328 9568 9587 10053 10274 10730 13953 13963 14013 14032 14055 14074 14117 14131 14186 14209 14215 14244 14253 14285 14286 14290 14309 14355 14356 14357 14376 14399 14400 14409 14426 14442 14449 14450 14458 14508 14509 14514 14520 14521 14537 14591 14596 14617 14636 14652 14702 14997 
	}
	weather={
		period={
			between={ 0.0 14.2 }
			temperature={ -10.0 35.0 }
			no_phenomenon=1.500
			rain_light=0.250
			rain_heavy=0.100
			snow=0.000
			blizzard=0.000
			arctic_water=0.000
			mud=0.000
			sandstorm=0.000
			min_snow_level=0.000
		}
	}
}
