
strategic_region={
	id=70
	name="STRATEGICREGION_70"
	provinces={
		128 621 691 974 1713 2174 2407 2555 2908 2976 3056 3141 3616 3777 4137 4333 4366 4409 4767 5199 5364 5500 6232 6399 7106 7260 7329 7633 7705 7829 7961 8132 8147 8502 8529 8651 9586 9663 9926 18795 18869 18881 18943 18949 18958 18976 18985 19006 19024 19059 19126 19178 19194 19235 19260 19267 19297 19315 19346 19353 19358 19364 19385 19420 19480 19498 19499 19512 19519 19535 19561 19564 19568 19575 19601 19621 
	}
	weather={
		period={
			between={ 0.0 14.2 }
			temperature={ -10.0 35.0 }
			no_phenomenon=1.500
			rain_light=0.250
			rain_heavy=0.100
			snow=0.000
			blizzard=0.000
			arctic_water=0.000
			mud=0.000
			sandstorm=0.000
			min_snow_level=0.000
		}
	}
}
