
strategic_region={
	id=71
	name="STRATEGICREGION_71"
	provinces={
		381 535 680 710 1113 1392 1580 1662 1731 2073 2315 2623 2684 2736 3023 3041 3539 3701 3887 4216 4482 4969 5089 5160 5356 5528 5812 6111 6225 6956 6996 7025 7189 7242 7314 7352 7424 7568 8086 8198 8239 8284 8445 8710 8712 8787 9241 9531 10134 10288 10632 18998 19019 19045 19083 19125 19138 19147 19158 19177 19191 19192 19234 19259 19286 19296 19306 19325 19345 19373 19374 19403 19409 19419 19434 19440 19462 19471 19472 19475 19479 19495 19510 19511 19518 19534 19547 19554 19557 19567 19582 19587 19611 19620 19625 19635 19639 19703 19719 
	}
	weather={
		period={
			between={ 0.0 14.2 }
			temperature={ -10.0 35.0 }
			no_phenomenon=1.500
			rain_light=0.250
			rain_heavy=0.100
			snow=0.000
			blizzard=0.000
			arctic_water=0.000
			mud=0.000
			sandstorm=0.000
			min_snow_level=0.000
		}
	}
}
