
strategic_region={
	id=72
	name="STRATEGICREGION_72"
	provinces={
		598 681 800 1036 1211 1358 1556 1700 1808 2020 2133 2363 2381 2384 2574 2625 2783 3095 3307 3490 3738 3844 4241 4259 4460 4532 4965 5100 5149 5204 5535 5688 6037 6356 6481 6587 6860 7004 7396 7864 7922 8016 8226 9061 9066 9139 10414 10614 10638 10674 19005 19044 19051 19132 19133 19146 19171 19201 19245 19253 19258 19276 19280 19285 19295 19314 19320 19329 19363 19372 19391 19408 19417 19418 19427 19428 19433 19470 19485 19486 19497 19503 19526 19560 19610 19628 19647 19664 19726 19735 19736 19770 19775 19798 19802 
	}
	weather={
		period={
			between={ 0.0 14.2 }
			temperature={ -10.0 35.0 }
			no_phenomenon=1.500
			rain_light=0.250
			rain_heavy=0.100
			snow=0.000
			blizzard=0.000
			arctic_water=0.000
			mud=0.000
			sandstorm=0.000
			min_snow_level=0.000
		}
	}
}
