
strategic_region={
	id=73
	name="STRATEGICREGION_73"
	provinces={
		141 206 377 583 701 731 937 1401 1475 1766 1776 2029 2061 2156 2172 2235 2402 2514 2616 2632 2838 2982 3032 3735 3762 3892 4406 4526 4679 4797 4828 4959 5013 5433 5486 5526 5543 5562 5638 5934 5936 6110 6562 6648 6659 6739 7276 7430 7592 7797 8134 8260 8377 8746 8834 8896 8909 8912 8978 9071 9167 9176 9434 9570 9789 9958 10247 10289 10309 10351 10642 18860 18873 18888 18894 18917 18941 18946 18956 18957 18963 18974 18984 18997 19003 19004 19015 19050 19057 19069 19075 19104 19124 19144 19145 19157 19190 19198 19199 19200 19207 19225 19251 19252 19257 19266 19275 19305 19352 19369 19371 19389 19390 19397 19426 19451 19509 
	}
	weather={
		period={
			between={ 0.0 14.2 }
			temperature={ -10.0 35.0 }
			no_phenomenon=1.500
			rain_light=0.250
			rain_heavy=0.100
			snow=0.000
			blizzard=0.000
			arctic_water=0.000
			mud=0.000
			sandstorm=0.000
			min_snow_level=0.000
		}
	}
}
