
strategic_region={
	id=74
	name="STRATEGICREGION_74"
	provinces={
		70 133 164 291 324 331 563 584 615 743 770 790 893 895 1035 1073 1145 1260 1304 1633 1999 2125 2154 2240 2704 2764 3019 3199 3200 3587 3590 3677 3797 3812 4012 4056 4279 4567 4844 5014 5195 5341 5520 5624 5649 5823 5889 6114 6256 6541 6683 6737 6738 7207 7717 7769 7893 7904 8042 8089 8401 8405 8444 8514 8524 8751 9170 9171 9248 9647 9695 9795 9849 10022 10069 10262 10526 10621 10710 19370 19402 19452 19468 19469 19493 19494 19517 19525 19533 19540 19545 19552 19553 19574 19591 19609 19614 19627 19646 19648 19649 19650 19658 19663 19670 19671 19674 19681 19692 19697 19698 19699 19713 19724 19725 19739 19746 19750 19752 19756 19765 19768 19769 19778 19779 19786 19787 19796 19797 19801 19805 19815 19818 19823 19825 19826 19848 19852 19892 19915 19920 19949 19951 19954 19962 19978 19988 19990 20011 
	}
	weather={
		period={
			between={ 0.0 14.2 }
			temperature={ -10.0 35.0 }
			no_phenomenon=1.500
			rain_light=0.250
			rain_heavy=0.100
			snow=0.000
			blizzard=0.000
			arctic_water=0.000
			mud=0.000
			sandstorm=0.000
			min_snow_level=0.000
		}
	}
}
