
strategic_region={
	id=75 
	name="STRATEGICREGION_75"
	provinces={
		238 265 596 626 873 938 1045 1277 1420 1435 1447 1485 1542 1576 1769 1860 1871 2200 2388 2581 2731 2937 2986 3623 3937 4504 4577 4617 4753 4843 4907 5008 5031 5051 5083 5095 5379 5438 5657 5741 5807 5813 6085 6651 6926 7246 7338 7726 7798 8110 8457 8877 9355 9417 9466 9551 9628 9659 9684 9787 9843 10150 10301 10350 10368 10579 10616 10716 10764 19857 19874 19890 19891 19900 19923 19932 19964 19967 19974 19985 19987 19995 19996 20006 20009 20014 20015 20016 20024 20028 20036 20040 20042 20044 20046 20047 20053 20055 20059 20061 20066 20068 20070 20074 20081 20085 20086 20089 20090 20091 20098 20101 20103 20105 20109 20110 20112 20114 20119 20120 20121 
	}
	weather={
		period={
			between={ 0.0 14.2 }
			temperature={ -10.0 35.0 }
			no_phenomenon=1.500
			rain_light=0.250
			rain_heavy=0.100
			snow=0.000
			blizzard=0.000
			arctic_water=0.000
			mud=0.000
			sandstorm=0.000
			min_snow_level=0.000
		}
	}
}
