
strategic_region={
	id=76
	name="STRATEGICREGION_76"
	provinces={
		4 104 110 984 987 1324 1336 1730 1943 1967 2036 2131 2307 2361 2390 2877 3667 3888 4938 5255 5484 5514 6067 6165 6275 6532 6962 6974 6985 7144 7312 7327 7681 8354 8415 8541 8564 8705 8772 9074 9278 9372 10080 10130 10476 19244 19265 19284 19302 19324 19335 19336 19351 19406 19407 19478 19508 19532 19598 19644 19645 19669 19743 19751 19799 19800 19820 19850 19870 19881 19901 19938 
	}
	weather={
		period={
			between={ 0.0 14.2 }
			temperature={ -10.0 35.0 }
			no_phenomenon=1.500
			rain_light=0.250
			rain_heavy=0.100
			snow=0.000
			blizzard=0.000
			arctic_water=0.000
			mud=0.000
			sandstorm=0.000
			min_snow_level=0.000
		}
	}
}
