
strategic_region={
	id=77
	name="STRATEGICREGION_77"
	provinces={
		283 295 736 997 1131 1469 1870 2700 2757 3121 3569 3805 3920 4310 4668 5113 5280 5425 5552 5761 5944 5988 6198 6594 6633 6682 6924 7130 7200 7533 7656 7742 8031 8245 8519 8606 8946 9135 9186 9342 9702 9919 9954 10246 10682 10746 13577 13585 13591 13617 13623 13629 13654 13661 13687 13701 13710 13711 13720 13736 13742 13747 13760 13764 13773 13780 13809 13836 13863 13876 13920 14034 14118 14195 
	}
	weather={
		period={
			between={ 0.0 14.2 }
			temperature={ -10.0 35.0 }
			no_phenomenon=1.500
			rain_light=0.250
			rain_heavy=0.100
			snow=0.000
			blizzard=0.000
			arctic_water=0.000
			mud=0.000
			sandstorm=0.000
			min_snow_level=0.000
		}
	}
}
