
strategic_region={
	id=78
	name="STRATEGICREGION_78"
	provinces={
		201 258 292 778 807 1052 1212 1317 1978 2007 2323 2478 2494 2761 3065 3607 3652 4117 4422 5676 5947 6113 6396 6576 6598 6987 7556 7606 8565 8661 8825 9630 9867 10199 10302 10475 14108 14147 14194 14200 14221 14265 14277 14280 14281 14326 14350 14389 14402 14462 14494 14546 14557 14682 14683 14690 14695 14735 14781 14826 14827 
	}
	weather={
		period={
			between={ 0.0 14.2 }
			temperature={ -10.0 35.0 }
			no_phenomenon=1.500
			rain_light=0.250
			rain_heavy=0.100
			snow=0.000
			blizzard=0.000
			arctic_water=0.000
			mud=0.000
			sandstorm=0.000
			min_snow_level=0.000
		}
	}
}
