
strategic_region={
	id=79
	name="STRATEGICREGION_79"
	provinces={
		77 520 798 844 880 1228 1256 1744 1855 2071 2382 2854 3299 3358 3754 4330 4386 4456 4494 4603 4818 5460 5667 5799 5881 6169 6306 6654 6700 6731 6783 7129 7234 7261 7283 7310 7408 7755 7929 8088 8459 8852 9311 9401 9428 9478 9530 10004 10081 10771 13440 13476 13509 13511 13518 13526 13550 13559 13562 13586 13592 13599 13607 13652 13656 13662 13712 13721 13743 13744 13748 13792 13793 13794 13803 13812 13817 13849 13877 13893 13894 13923 13951 13954 13968 13989 13994 14003 14021 14035 14050 
	}
	weather={
		period={
			between={ 0.0 14.2 }
			temperature={ -10.0 35.0 }
			no_phenomenon=1.500
			rain_light=0.250
			rain_heavy=0.100
			snow=0.000
			blizzard=0.000
			arctic_water=0.000
			mud=0.000
			sandstorm=0.000
			min_snow_level=0.000
		}
	}
}
