
strategic_region={
	id=8
	name="STRATEGICREGION_8"
	provinces={
		117 161 197 394 636 682 1023 1613 1694 1859 1872 1897 2676 2760 2957 3279 3608 3975 3999 4520 4673 5015 5036 5192 5540 6184 6333 6856 7259 7358 7833 7976 8350 9073 9265 9502 10043 10047 10097 10573 10714 14668 14701 14734 14765 14779 14825 14834 14835 14848 14858 14867 14892 14911 14912 14939 14946 14994 14995 14996 15010 15022 15066 15067 15081 15087 15114 15135 15150 15157 15163 15177 15230 15240 15279 15312 15340 15371 15386 15433 15453 
	}
	weather={
		period={
			between={ 0.0 14.2 }
			temperature={ -10.0 35.0 }
			no_phenomenon=1.500
			rain_light=0.250
			rain_heavy=0.100
			snow=0.000
			blizzard=0.000
			arctic_water=0.000
			mud=0.000
			sandstorm=0.000
			min_snow_level=0.000
		}
	}
}
