
strategic_region={
	id=80
	name="STRATEGICREGION_80"
	provinces={
		774 988 1549 1903 2495 2564 2752 2753 3136 3411 3434 3460 4165 4881 4939 5104 5143 5175 5254 5519 5695 5776 5836 6082 6524 6556 6865 6880 7174 7203 7744 8029 8102 8411 8878 9077 9088 9197 9854 14051 14099 14113 14124 14133 14172 14187 14201 14232 14240 14246 14255 14256 14266 14302 14310 14333 14336 14362 14371 14390 14410 14411 14416 14463 14473 14523 14524 14539 14604 14605 14662 14675 14684 14697 14730 14750 14767 14819 14841 14859 14875 14919 14950 14966 14999 
	}
	weather={
		period={
			between={ 0.0 14.2 }
			temperature={ -10.0 35.0 }
			no_phenomenon=1.500
			rain_light=0.250
			rain_heavy=0.100
			snow=0.000
			blizzard=0.000
			arctic_water=0.000
			mud=0.000
			sandstorm=0.000
			min_snow_level=0.000
		}
	}
}
