
strategic_region={
	id=81
	name="STRATEGICREGION_81"
	provinces={
		426 537 587 1248 1293 1446 2473 2626 2843 3245 3462 3515 3751 3794 3855 3918 4172 4249 4450 4799 4810 5426 5736 5759 5922 5958 6334 6391 6563 6861 7005 7105 7456 7609 7778 7989 8403 8794 8983 9065 9072 9092 9285 9499 9611 9725 9753 9878 10472 10705 14558 14566 14637 14696 14741 14828 14840 14849 14914 14915 14918 14924 14974 14989 15006 15013 15032 15041 15082 15090 15091 15094 15106 15117 15123 15152 15153 15167 15179 15190 15232 15236 15366 15378 15455 15468 15469 15541 15593 15632 15656 15676 15742 
	}
	weather={
		period={
			between={ 0.0 14.2 }
			temperature={ -10.0 35.0 }
			no_phenomenon=1.500
			rain_light=0.250
			rain_heavy=0.100
			snow=0.000
			blizzard=0.000
			arctic_water=0.000
			mud=0.000
			sandstorm=0.000
			min_snow_level=0.000
		}
	}
}
