
strategic_region={
	id=82
	name="STRATEGICREGION_82"
	provinces={
		120 137 734 822 1380 1448 1533 1688 1786 1836 2130 2152 2357 3874 4157 4238 4677 5336 5449 5541 5926 6544 6570 6735 6808 7118 7287 8150 8170 8275 8427 9178 9354 9971 10223 10230 10517 10520 10617 15051 15136 15166 15212 15219 15220 15242 15272 15361 15446 15529 15556 15614 15619 15668 15681 15688 15750 15774 15781 15802 15834 15838 15852 15955 15986 15991 16027 16033 16072 
	}
	weather={
		period={
			between={ 0.0 14.2 }
			temperature={ -10.0 35.0 }
			no_phenomenon=1.500
			rain_light=0.250
			rain_heavy=0.100
			snow=0.000
			blizzard=0.000
			arctic_water=0.000
			mud=0.000
			sandstorm=0.000
			min_snow_level=0.000
		}
	}
}
