
strategic_region={
	id=83
	name="STRATEGICREGION_83"
	provinces={
		13 24 82 166 281 508 688 863 1086 1862 2161 2301 2475 2515 2664 2996 3092 3137 3347 3647 4006 4461 4517 4623 4625 4779 5158 5437 5611 5689 5818 5835 5839 5945 6014 6090 6457 6579 6946 7564 7631 7765 7890 8073 8391 8406 8476 9024 9442 9460 9475 9506 9513 9859 9900 9911 10092 10156 10363 10435 10662 14492 14538 14603 14618 14645 14749 14766 14800 14839 14873 14883 14930 14931 14947 14948 14949 14956 14998 15011 15012 15023 15030 15046 15099 15105 15116 15145 15178 15185 15189 15243 15250 15273 15274 15295 15299 15307 15314 15362 15389 15424 15440 15447 15477 15512 15560 15641 
	}
	weather={
		period={
			between={ 0.0 14.2 }
			temperature={ -10.0 35.0 }
			no_phenomenon=1.500
			rain_light=0.250
			rain_heavy=0.100
			snow=0.000
			blizzard=0.000
			arctic_water=0.000
			mud=0.000
			sandstorm=0.000
			min_snow_level=0.000
		}
	}
}
