
strategic_region={
	id=84
	name="STRATEGICREGION_84"
	provinces={
		97 643 1108 1635 1752 2049 2720 3600 3601 3668 3743 3758 3891 4000 4034 4372 5071 5348 5652 5756 5907 5957 6309 6473 7255 7410 7492 7751 7756 8265 8311 8451 9303 9334 9469 9514 9876 9928 10011 10385 10555 15322 15350 15377 15404 15454 15466 15478 15487 15493 15506 15530 15546 15578 15604 15631 15649 15655 15674 15682 15698 15732 15734 15767 15784 15796 15803 15869 15870 15918 
	}
	weather={
		period={
			between={ 0.0 14.2 }
			temperature={ -10.0 35.0 }
			no_phenomenon=1.500
			rain_light=0.250
			rain_heavy=0.100
			snow=0.000
			blizzard=0.000
			arctic_water=0.000
			mud=0.000
			sandstorm=0.000
			min_snow_level=0.000
		}
	}
}
