
strategic_region={
	id=85
	name="STRATEGICREGION_85"
	provinces={
		109 209 217 406 601 723 842 1550 1652 1714 1815 2018 2483 2542 2629 2683 3374 3392 3481 3830 4381 4547 4658 4709 4744 4811 5094 5105 5264 5342 5704 6088 6253 6597 6724 6797 6899 6990 7402 7451 7540 7703 7914 8258 8321 8926 8962 9086 9142 9367 9414 9603 9721 9782 10174 10537 10634 10657 14703 14780 14801 14813 14868 14874 14887 14913 14932 14940 14969 14981 14988 15005 15024 15025 15031 15039 15040 15052 15073 15089 15100 15121 15122 15146 15158 15213 15221 15231 15244 15257 15282 15283 15303 15308 15396 15405 15441 15462 15467 15488 15547 15579 15663 15716 15791 
	}
	weather={
		period={
			between={ 0.0 14.2 }
			temperature={ -10.0 35.0 }
			no_phenomenon=1.500
			rain_light=0.250
			rain_heavy=0.100
			snow=0.000
			blizzard=0.000
			arctic_water=0.000
			mud=0.000
			sandstorm=0.000
			min_snow_level=0.000
		}
	}
}
