
strategic_region={
	id=86
	name="STRATEGICREGION_86"
	provinces={
		8 68 926 1057 1357 2159 2314 2429 2695 2796 3110 3188 3444 3820 4191 4278 5383 5385 5582 6450 7022 7171 7232 8059 8075 8552 8678 8728 9261 9449 10110 10341 10354 10602 10715 16106 16118 16168 16183 16208 16266 16285 16320 16342 16382 16383 16400 16413 16432 16441 16493 16507 16519 16542 16570 16582 16604 16619 16708 16728 16783 16825 
	}
	weather={
		period={
			between={ 0.0 14.2 }
			temperature={ -10.0 35.0 }
			no_phenomenon=1.500
			rain_light=0.250
			rain_heavy=0.100
			snow=0.000
			blizzard=0.000
			arctic_water=0.000
			mud=0.000
			sandstorm=0.000
			min_snow_level=0.000
		}
	}
}
