
strategic_region={
	id=88
	name="STRATEGICREGION_88"
	provinces={
		99 959 1140 1185 1795 1845 1988 2032 2054 2692 3343 3890 4770 4774 4888 5068 5261 6139 6405 7081 7084 7752 7817 8052 8070 8439 9535 9614 9835 10541 15938 15950 15965 16009 16034 16063 16067 16077 16127 16128 16132 16147 16187 16234 16243 16267 16286 16300 16346 16359 16387 16403 16482 16487 
	}
	weather={
		period={
			between={ 0.0 14.2 }
			temperature={ -10.0 35.0 }
			no_phenomenon=1.500
			rain_light=0.250
			rain_heavy=0.100
			snow=0.000
			blizzard=0.000
			arctic_water=0.000
			mud=0.000
			sandstorm=0.000
			min_snow_level=0.000
		}
	}
}
