
strategic_region={
	id=89
	name="STRATEGICREGION_89"
	provinces={
		81 108 230 370 442 451 516 521 766 769 1512 1623 2418 3194 3223 3703 4120 4136 5343 6039 6076 6550 6885 6942 6976 7173 7395 7653 7808 8592 8668 8767 8802 8838 8951 9550 9650 9740 9884 9950 10121 10483 10605 16343 16409 16415 16458 16475 16494 16495 16528 16533 16583 16594 16635 16637 16659 16660 16679 16692 16721 16740 16770 16801 16899 16933 16951 16968 16994 17063 17130 
	}
	weather={
		period={
			between={ 0.0 14.2 }
			temperature={ -10.0 35.0 }
			no_phenomenon=1.500
			rain_light=0.250
			rain_heavy=0.100
			snow=0.000
			blizzard=0.000
			arctic_water=0.000
			mud=0.000
			sandstorm=0.000
			min_snow_level=0.000
		}
	}
}
