
strategic_region={
	id=9
	name="STRATEGICREGION_9"
	provinces={
		47 48 130 172 310 465 737 939 1003 1162 1384 1457 1649 1908 1922 1958 2304 2984 3037 3256 3301 3376 3575 3784 3825 4089 4233 4474 4706 4793 5130 5134 5371 5870 5933 6558 6803 6854 7265 7470 8623 8654 8737 8853 9009 9353 9375 9405 9804 10441 14653 14722 14748 14789 14882 14893 14963 14964 14965 14973 15029 15038 15049 15050 15057 15072 15088 15115 15120 15143 15144 15171 15205 15227 15241 15261 15280 15281 15287 15352 15418 15420 15465 15476 
	}
	weather={
		period={
			between={ 0.0 14.2 }
			temperature={ -10.0 35.0 }
			no_phenomenon=1.500
			rain_light=0.250
			rain_heavy=0.100
			snow=0.000
			blizzard=0.000
			arctic_water=0.000
			mud=0.000
			sandstorm=0.000
			min_snow_level=0.000
		}
	}
}
