
strategic_region={
	id=90
	name="STRATEGICREGION_90"
	provinces={
		336 906 1120 1670 1921 2068 2336 2691 2920 2981 3740 3946 4134 4143 4190 4562 4717 5163 5310 5419 5632 6362 6617 6760 7331 7530 7557 8117 8282 8688 8966 9403 9451 9560 9726 9755 16209 16235 16256 16333 16334 16347 16372 16388 16389 16433 16496 16556 16599 16613 16621 16649 16680 16684 16744 16802 16852 16853 16870 16906 16920 16934 16935 16969 17028 17087 17093 17125 
	}
	weather={
		period={
			between={ 0.0 14.2 }
			temperature={ -10.0 35.0 }
			no_phenomenon=1.500
			rain_light=0.250
			rain_heavy=0.100
			snow=0.000
			blizzard=0.000
			arctic_water=0.000
			mud=0.000
			sandstorm=0.000
			min_snow_level=0.000
		}
	}
}
