
strategic_region={
	id=92
	name="STRATEGICREGION_92"
	provinces={
		189 337 717 969 1079 1334 1659 1778 3269 3756 3761 3787 3802 3872 3880 3910 4591 4849 4917 5260 5729 6224 6254 6273 6751 6762 7164 7578 7672 7885 7987 8390 8462 8583 8827 8849 9364 10236 16751 16760 16771 16776 16789 16830 16844 16871 16907 16978 16983 17003 17024 17054 17072 17088 17094 17118 17158 17176 17196 17251 17252 17280 17331 17362 17469 
	}
	weather={
		period={
			between={ 0.0 14.2 }
			temperature={ -10.0 35.0 }
			no_phenomenon=1.500
			rain_light=0.250
			rain_heavy=0.100
			snow=0.000
			blizzard=0.000
			arctic_water=0.000
			mud=0.000
			sandstorm=0.000
			min_snow_level=0.000
		}
	}
}
