
strategic_region={
	id=93
	name="STRATEGICREGION_93"
	provinces={
		160 168 185 914 1015 1243 1294 1651 1972 3117 3336 3421 3635 4079 4109 4125 4773 5197 5252 5529 5717 6066 6141 6190 7469 7561 8299 8921 8934 9333 9968 10030 10157 10248 10265 10453 10510 10765 16520 16544 16571 16572 16584 16614 16616 16645 16650 16651 16666 16681 16709 16759 16764 16805 16815 16873 16887 16892 16893 16921 16928 16929 16952 16953 16970 17040 
	}
	weather={
		period={
			between={ 0.0 14.2 }
			temperature={ -10.0 35.0 }
			no_phenomenon=1.500
			rain_light=0.250
			rain_heavy=0.100
			snow=0.000
			blizzard=0.000
			arctic_water=0.000
			mud=0.000
			sandstorm=0.000
			min_snow_level=0.000
		}
	}
}
