
strategic_region={
	id=94
	name="STRATEGICREGION_94"
	provinces={
		59 311 314 732 1117 1176 1355 1375 1645 1844 2105 2548 2687 2899 3224 3294 3386 3822 3829 4525 4821 5004 5296 5325 5405 5687 5990 6077 6267 6345 6778 6811 7007 7092 7379 7392 7532 7841 7889 8090 8139 8349 9321 9326 9448 9508 10268 10681 16991 17017 17064 17065 17131 17138 17181 17195 17206 17236 17245 17246 17247 17264 17279 17294 17305 17315 17316 17322 17376 17393 17394 17414 17428 17438 17442 17502 17507 17543 17552 17566 17573 17584 17585 17597 17652 17683 17698 17707 17729 17766 17776 
	}
	weather={
		period={
			between={ 0.0 14.2 }
			temperature={ -10.0 35.0 }
			no_phenomenon=1.500
			rain_light=0.250
			rain_heavy=0.100
			snow=0.000
			blizzard=0.000
			arctic_water=0.000
			mud=0.000
			sandstorm=0.000
			min_snow_level=0.000
		}
	}
}
