
strategic_region={
	id=95
	name="STRATEGICREGION_95"
	provinces={
		233 261 389 597 780 1070 1090 1102 1203 1217 1389 1654 1814 1916 2091 2150 2324 2607 2933 3660 3942 4199 4285 4624 4914 5234 5604 5686 5788 5886 6615 6943 7039 7264 7362 7446 7614 7866 7879 7909 8126 8181 8513 8800 8850 9154 9520 9563 9634 9712 9770 9858 9991 10059 10242 10305 10422 10733 10736 10741 16958 17007 17086 17092 17137 17157 17166 17180 17189 17228 17263 17286 17304 17314 17339 17347 17374 17375 17418 17440 17441 17449 17450 17495 17516 17535 17565 17583 17596 17604 17605 17623 17651 17672 17681 17682 17736 17754 17755 17765 17818 17850 17889 18013 
	}
	weather={
		period={
			between={ 0.0 14.2 }
			temperature={ -10.0 35.0 }
			no_phenomenon=1.500
			rain_light=0.250
			rain_heavy=0.100
			snow=0.000
			blizzard=0.000
			arctic_water=0.000
			mud=0.000
			sandstorm=0.000
			min_snow_level=0.000
		}
	}
}
