
strategic_region={
	id=96
	name="STRATEGICREGION_96"
	provinces={
		80 578 614 674 787 889 1158 1274 1667 2137 2219 2354 2502 2766 2778 2906 3006 3227 3258 3631 3742 3831 3862 4164 5107 5223 5334 5424 5551 6030 6220 6552 6799 6890 7010 7204 7278 7326 7413 7956 8161 8228 8289 8468 9044 9247 9273 9410 9481 9507 9757 10423 10464 10502 10615 17706 17748 17775 17833 17839 17851 17852 17865 17875 17894 17899 17912 17954 17955 17981 17991 18048 18049 18050 18068 18080 18103 18114 18125 18126 18139 18140 18141 18146 18165 18177 18188 18201 18210 18211 18237 18273 18294 18303 18321 18345 18355 18356 18387 18388 18396 18420 18441 18444 18448 18480 18494 18547 
	}
	weather={
		period={
			between={ 0.0 14.2 }
			temperature={ -10.0 35.0 }
			no_phenomenon=1.500
			rain_light=0.250
			rain_heavy=0.100
			snow=0.000
			blizzard=0.000
			arctic_water=0.000
			mud=0.000
			sandstorm=0.000
			min_snow_level=0.000
		}
	}
}
