
strategic_region={
	id=99
	name="STRATEGICREGION_99"
	provinces={
		259 271 297 478 666 702 749 750 1034 1047 1148 1666 2084 2087 2136 2306 2309 2553 2673 2698 2745 2768 2839 2903 3050 3082 3156 3344 3397 3417 3817 4131 4365 4807 4847 4934 4971 5283 5489 5505 5750 5758 5782 5819 6147 6207 6424 6582 6704 6801 6802 6989 7002 7158 7228 7386 7428 7536 7616 7748 7878 7887 8276 8818 9162 9172 9263 9270 9298 9710 10013 10062 10118 10141 10218 10221 10353 10379 10784 14372 14417 14443 14474 14477 14482 14515 14531 14532 14559 14574 14606 14619 14628 14654 14691 14698 14711 14742 14751 14759 14770 14771 14808 14814 14820 14829 14850 14869 14894 14901 14902 14975 14990 14991 15000 15042 15059 15074 15107 15137 15159 15160 15207 15228 15262 15263 15284 15315 15379 15397 15448 15456 15498 15499 15522 15531 
	}
	weather={
		period={
			between={ 0.0 14.2 }
			temperature={ -10.0 35.0 }
			no_phenomenon=1.500
			rain_light=0.250
			rain_heavy=0.100
			snow=0.000
			blizzard=0.000
			arctic_water=0.000
			mud=0.000
			sandstorm=0.000
			min_snow_level=0.000
		}
	}
}
