2 8 15393 2045 15294 5509 6156 15134 8241 9284 
1 6 14096 4727 1917 4957 14470 3331 
3 6 9284 14929 8755 14747 14674 3331 
2 4 10349 13419 10709 13510 
1 10 13510 8118 7347 571 13763 13825 4336 6723 14074 309 
1 8 309 2763 14357 1413 14520 6361 6918 8715 
1 6 3331 14573 8448 14486 3734 2940 
1 8 2940 3208 14349 14289 181 1276 14090 2998 
1 6 2998 13999 13945 13901 13824 1715 
1 7 1715 13709 13660 2800 4048 2472 13510 
1 4 12098 12011 11959 1165 
1 4 4689 2085 7623 11622 
1 4 4689 11503 3338 9022 
1 3 11622 11621 11676 
1 3 11676 11691 8990 
1 6 8990 9123 11724 11790 11825 872 
1 4 8663 7489 6440 8990 
1 4 8663 11497 4608 7749 
1 6 1165 2943 11725 11677 8173 4689 
1 6 11365 2164 91 11549 6047 11621 
1 4 9022 11320 2509 11231 
1 5 11231 5977 6786 10753 11263 
1 6 3338 11425 11401 11385 3572 11263 
1 8 11365 4451 11273 2527 11265 384 8727 11231 
1 7 4451 5743 11233 149 11195 11172 9359 
1 8 9359 6124 2086 11184 1097 11202 2083 11231 
1 4 17362 17280 3787 10236 
1 4 16760 8849 16907 16978 
1 6 17362 5729 17508 266 17598 5590 
1 5 5590 17800 1751 17972 533 
1 9 10236 17024 3761 16929 1243 4109 16764 8921 10510 
1 3 10510 16759 185 
1 6 185 10265 5252 8934 10453 4143 
1 5 4143 7530 4190 16744 3740 
1 5 3740 3946 5632 2336 16389 
5 3 16389 16347 6362 
1 5 10510 4773 16921 16991 17064 
1 5 17064 6778 5296 1844 17428 
1 7 17362 8462 17394 6267 17414 59 6345 
1 7 4143 5419 8117 8688 17125 17189 5234 
1 6 5234 17347 5325 2687 3224 17246 
1 6 17064 10681 1176 17131 1355 17246 
1 5 4143 168 1015 3336 1355 
1 4 17428 6345 17585 17707 
1 6 17707 17776 17875 2906 18049 6799 
1 9 17777 17809 10787 1753 5968 2053 18050 6220 6799 
1 4 17777 9224 5281 5590 
1 6 5551 18396 18321 2766 18211 6799 
1 9 6799 18141 18114 7278 18126 18125 1667 6030 2778 
1 8 2778 2354 17851 17865 9991 17850 1814 7362 
1 4 5234 6615 17375 17441 
1 6 17441 389 4914 9154 17755 7362 
1 8 389 7879 17449 780 17535 7866 17565 4285 
1 7 2687 17438 17502 17507 17552 7007 6345 
1 7 1753 17841 17766 1375 2105 17573 6345 
1 4 2354 18068 18139 18210 
1 8 3021 2876 16401 3415 9968 16614 16650 10510 
1 8 10236 17094 17088 1645 314 17138 8349 17064 
2 4 16978 4849 969 10236 
2 6 9359 11116 11099 11083 11052 11021 
1 3 11021 210 11076 
1 6 11021 2489 7439 8097 3493 4063 
1 5 4063 10818 9391 10798 10794 
1 4 9391 8582 7638 10811 
1 4 11184 7836 9240 11113 
1 10 4381 15405 10657 9721 7402 8926 15308 15244 4744 3374 
2 4 4381 6724 1550 6990 
1 7 4381 1714 5071 15404 15487 15530 8311 
1 7 8311 3600 15649 3668 15732 3758 6473 
1 7 6473 10617 5449 5926 15802 8275 15834 
1 7 14801 14887 5264 2542 6253 15303 4381 
1 6 5264 14981 14913 9603 5105 9506 
1 5 10156 166 2301 9460 9506 
1 4 9460 9513 5611 15046 
1 7 5945 14800 14883 2515 82 14998 15046 
1 5 15046 508 15185 15243 5437 
1 3 5437 4625 15447 
1 4 15447 9475 15641 5926 
1 9 1533 10223 15361 5336 4677 15389 688 15424 15447 
1 7 15361 7118 15529 3874 15614 2130 5926 
1 5 1378 14231 4639 10204 1728 
1 6 1378 14216 9985 6954 14210 14138 
1 5 14522 6749 14358 6905 1378 
1 5 7711 1740 14046 5894 1378 
1 7 1728 14254 292 14280 778 9630 1978 
1 6 1317 14690 258 14546 14462 1978 
1 8 10746 5280 7533 6198 6682 10682 218 1728 
1 5 10746 5761 7606 14265 1978 
1 6 5280 8031 13809 7656 13710 3805 
1 5 10746 13863 6924 13711 6594 
1 5 6594 13585 7812 13498 4217 
1 6 4217 13411 13367 3941 4839 13228 
1 5 4839 13294 127 13280 13242 
1 4 5184 13242 215 13333 
1 4 13333 9606 13388 9476 
1 8 9499 14741 9611 2626 14557 7556 9867 3652 
1 6 9499 6563 3434 6524 14767 14730 
1 4 14730 5776 9854 14750 
1 6 14730 14819 3855 15090 15167 15232 
1 8 9499 7005 14974 5426 5736 6391 3515 15378 
1 7 15378 7105 15366 4172 1293 10705 15090 
1 4 15656 9753 15455 15366 
1 5 3515 3001 3458 15513 10099 
1 6 10099 8948 15675 15723 15768 15862 
1 3 5637 10582 15862 
1 6 14730 6082 14539 988 4881 14266 
1 3 14266 2753 8411 
1 5 14201 14240 14172 14187 2753 
1 4 7744 14124 6880 2753 
1 7 8411 13994 13951 13923 9478 6731 3754 
1 7 9476 13431 3358 13526 4494 8088 13511 
1 5 13511 6169 13599 1744 3754 
1 9 10746 5425 5988 8245 13968 4603 9428 14099 7744 
1 10 7744 5143 2752 14302 14371 6396 14389 6113 3652 1978 
1 6 9499 2473 9285 14411 14333 5143 
1 5 14411 14416 6865 14463 988 
1 4 3434 5836 3411 14463 
1 3 13511 6654 7261 
1 11 5264 15031 3481 9367 15024 3830 15121 15073 109 15146 4744 
1 5 13723 843 13913 13990 14063 
1 5 14063 3800 14164 14217 8280 
1 4 8280 6529 4621 1487 
1 5 14063 14173 14233 8532 5497 
1 8 8280 14363 6744 417 14638 14711 14771 3397 
1 4 6582 5283 2903 3397 
1 4 6802 15262 15207 1034 
1 3 1034 3817 3156 
1 7 14654 14606 14574 14531 14559 7158 14698 
1 3 14654 2084 5497 
1 7 14654 6207 6424 3344 14902 6147 3397 
1 8 1487 2635 14126 9873 14114 14076 191 14100 
1 6 13829 6091 13991 4638 2379 14100 
1 5 191 9366 14295 14373 4152 
1 5 4152 14547 14607 1259 8773 
1 8 14790 6349 6381 548 10013 5819 666 3397 
1 4 8773 14791 14851 14790 
1 6 1259 7450 14870 933 14843 4769 
1 5 4150 3814 9037 14958 14851 
1 6 9873 2157 74 13765 9465 202 
1 7 5939 13850 2497 7038 2674 1762 8280 
1 6 13990 8875 4565 7068 13982 7038 
1 6 14768 14802 14852 352 4760 4769 
1 5 14768 14792 1672 14669 9977 
1 3 9977 5764 4192 
1 5 4192 8573 551 14895 9246 
1 5 4192 3550 8897 1346 2271 
1 6 2271 14115 6414 13948 784 2935 
1 6 4761 14177 2886 7671 5454 13991 
1 4 14405 40 14241 14177 
1 6 4761 14178 9935 6583 4231 14115 
1 5 14405 1788 14580 14630 14669 
1 12 13991 14052 14140 14222 2621 14352 5845 14496 5930 4762 14772 4769 
1 6 4152 14404 9674 8222 14465 14496 
1 4 14496 14511 4429 14405 
1 3 6625 14976 4769 
1 7 17535 597 17418 7446 17262 276 3977 
1 6 3977 2289 8493 16919 240 568 
1 5 568 5190 16620 926 68 
1 7 10341 16604 8678 8 16582 16519 68 
1 6 16208 16266 16285 10354 16413 68 
1 4 16208 6139 16027 8427 
1 3 5926 15852 8427 
1 4 68 5385 8439 7817 
1 4 7817 16359 370 6550 
1 5 6550 6942 16458 16495 16533 
1 6 16533 2418 81 7557 16649 3740 
1 5 6550 16267 7084 16067 9535 
1 6 16285 3110 16243 2692 16286 16234 
1 3 16234 8070 7084 
1 2 7817 16286 
1 6 9535 4000 15767 15682 15604 8311 
1 8 16285 8059 16132 99 15950 15869 15796 15732 
1 2 3156 3397 
1 5 3156 9298 7536 3082 259 
1 8 15207 15137 2136 9263 14901 14814 3050 14654 
1 4 2198 1348 14452 2345 
1 5 14115 14179 5358 6535 2345 
1 6 4192 1139 3025 14704 14657 2198 
1 4 2198 5357 14487 9280 
1 6 9280 14497 7294 3714 7376 14549 
1 6 14497 14406 8196 14259 10352 14111 
1 6 14549 4911 3889 14478 14434 14466 
1 6 14549 9914 3171 1987 10384 3372 
1 8 14549 1707 14723 5877 14907 7682 6526 15194 
1 6 2198 5568 14822 14925 10607 15138 
1 7 551 14906 14941 6846 14992 15108 15138 
1 9 10607 6626 15124 15125 15061 2848 15015 3123 15016 
1 4 14466 7019 14435 941 
1 5 14435 3146 14453 14498 14563 
1 7 14563 147 14694 3971 14836 14916 10264 
1 6 3971 10678 14861 4666 8252 14959 
1 4 3971 14709 575 3722 
1 7 3722 10599 14693 3685 14632 3523 14549 
1 3 10264 15076 4580 
1 5 15016 7682 15007 5515 9533 
1 4 9533 15127 7740 15076 
1 8 14959 15034 15092 6104 15234 7845 8697 6908 
1 3 7845 5318 15407 
1 4 4580 2566 15367 15442 
1 8 15076 15173 5284 6188 15318 344 7995 6908 
1 4 15407 9975 413 7220 
1 7 10607 15168 15233 3578 15406 15494 15557 
1 5 15557 4817 15717 2579 2686 
1 5 15537 3988 4563 3979 15494 
1 8 6908 7596 15701 15769 6645 15907 8633 3596 
1 5 57 5506 264 16134 3596 
1 6 3596 3770 8484 16229 16273 4537 
1 4 4537 16282 2236 1138 
1 7 1138 16336 16302 8549 16230 1849 16139 
1 6 16139 6206 16073 16123 8177 1888 
1 6 8442 16557 4515 16451 16391 2236 
1 5 8442 16738 16808 16867 16910 
1 6 16980 8713 10291 3340 2850 16738 
1 4 2236 8937 7421 16478 
1 6 2686 15973 16064 3174 6623 16368 
1 8 16368 3183 35 4484 16348 3291 8572 16289 
1 7 16289 16250 4210 813 16160 16198 57 
1 5 16368 16420 4730 7990 1465 
1 3 16605 4963 1465 
1 8 1465 4705 16693 7086 16816 4838 4130 16985 
1 5 16985 9049 8009 17160 1226 
1 6 1226 4104 17151 10606 17152 6293 
1 7 16980 9166 6340 17073 8891 10636 6293 
1 6 57 16257 3579 16390 5039 8127 
1 5 8127 7888 8250 4840 16250 
1 5 8127 6054 16646 16715 3442 
1 7 3442 10314 16838 16847 9148 16914 4130 
1 3 16459 5499 8572 
1 7 3442 4477 16938 1282 16996 7186 6293 
1 5 3579 8876 16424 7051 10658 
1 7 10658 5943 16395 5895 16335 8719 16229 
1 7 16459 10119 16588 16642 16732 1968 4130 
1 5 8517 17352 17308 17197 6293 
1 5 1226 4037 3486 17526 17561 
1 5 17526 17648 8939 9416 4897 
1 10 17489 8848 6211 17351 7689 4693 10151 17288 17254 1226 
1 6 4897 900 10493 18132 7635 8333 
1 3 8333 4253 18323 
1 7 8333 18317 5485 18390 18359 5658 3449 
1 4 3449 10192 9262 7120 
1 9 7120 5802 10580 6040 7952 17699 17613 17614 17561 
1 5 8848 6170 5612 10279 7952 
1 7 8848 9574 17386 10154 8364 1245 3292 
1 7 3292 7371 2254 17416 9345 17407 17451 
1 5 17574 10036 7716 17478 17451 
1 3 17429 8709 17574 
1 7 17574 8626 4628 1269 17947 17992 8604 
1 6 8939 17649 6631 9291 7853 17308 
1 8 1465 16710 9599 16866 8869 17004 9150 125 
1 4 10154 17281 51 125 
1 9 7371 7972 17633 17693 17767 924 17914 1850 4373 
1 5 7120 6103 18038 8695 4373 
1 4 4373 459 18115 8543 
1 8 17992 3048 18081 10 18168 5848 18118 7701 
1 6 7701 3902 18052 2187 17988 17914 
1 5 15494 1363 15411 742 15514 
1 6 15514 15561 3645 15573 3693 15450 
1 6 7682 8251 1673 15316 15353 15450 
1 10 15442 15507 15610 15684 15744 15818 7558 8615 16079 57 
1 6 6643 18674 4301 6713 9846 18757 
1 6 6643 18631 678 1115 2387 18688 
1 3 18587 18632 18688 
1 8 18587 18675 3484 18816 10630 18977 50 1750 
1 6 18675 1677 18594 7389 18486 3024 
1 5 3024 18514 18604 10165 252 
1 4 3024 1920 3158 441 
1 9 441 592 5728 8399 4275 18195 10300 18117 8604 
1 5 18390 9045 8104 18620 18708 
1 9 252 3558 18715 4093 18676 18633 6282 18606 9752 
1 8 441 18347 18408 1234 18458 6827 4454 9752 
1 5 4275 457 7028 18501 9752 
1 5 9752 8294 18678 3045 4540 
1 4 2394 4583 18274 8543 
1 6 4540 18750 2883 9735 4813 10324 
1 3 2394 18481 10324 
1 6 10324 18437 3984 8156 2431 5848 
1 7 2394 7301 18482 18529 10066 4867 7599 
1 8 18708 18752 18717 6484 18680 4077 18684 7599 
1 6 4540 18870 2399 3622 19038 5236 
1 6 7599 1914 9569 18877 18920 18936 
1 7 5236 19278 514 3755 4251 4960 19436 
1 7 18936 187 19117 19184 5152 8452 19436 
1 7 18752 2580 8317 1535 18862 5315 4072 
1 7 19972 95 19935 8014 19902 7759 6719 
1 6 20057 20033 20010 3970 7361 19897 
1 5 19727 19780 3230 19867 19897 
1 7 6719 19804 8928 6761 10516 3364 19727 
1 7 19727 8286 19640 19578 19521 10307 3755 
1 8 6719 756 3205 779 7072 2780 19584 10326 
1 5 10326 648 19453 3669 1428 
1 5 1428 4937 845 19085 50 
1 10 19942 9598 4378 9697 19777 7292 5047 1002 9390 19436 
1 6 18752 3853 18871 3248 5829 19088 
1 5 6889 19321 628 9464 19088 
1 8 5047 2999 19618 19590 1780 19522 7113 6889 
1 9 19522 10217 3811 19741 715 7694 4745 19841 10487 
1 8 4745 19789 19773 19763 4872 19677 3499 19579 
1 7 4745 1458 19705 4595 10563 19464 19393 
1 8 1535 7683 19026 5352 8315 9159 19322 19393 
1 5 19321 19327 8434 3363 19322 
1 4 19579 5882 19496 19438 
1 4 3499 3058 9982 10663 
1 6 3499 19570 10767 5842 942 19204 
1 3 19204 19140 10400 
1 6 19204 19162 19090 322 285 1535 
1 3 441 18238 18189 
1 6 9308 19233 2190 19344 4869 7213 
1 6 9101 19657 19597 9204 19450 7213 
1 5 3736 10570 6007 19368 2190 
1 9 3736 1127 5126 2809 7745 902 19760 5346 9101 
1 7 902 19792 19822 4980 10764 19923 5657 
1 6 5657 19987 20009 5008 2200 20074 
1 8 20074 20089 6085 20090 9787 20098 10350 4504 
1 2 10350 20109 
1 3 4504 5379 10579 
1 5 10579 238 9843 7798 19996 
1 4 19996 1485 6532 2036 
1 9 2036 9278 1336 19850 10130 19810 10160 19745 9101 
1 5 5657 19964 8457 9551 1576 
1 4 1576 19891 19881 19850 
1 2 19284 4 
1 7 7213 9670 7027 2877 984 19335 19284 
1 4 4 7312 1730 19645 
1 5 19645 6275 7681 2131 2036 
1 5 20103 4617 20081 20068 20074 
1 7 6275 19669 6974 19646 19663 3812 8042 
1 3 3199 19915 4012 
1 5 4012 19823 1260 895 19663 
1 6 8042 19614 7207 2704 19627 3200 
1 5 3200 7904 19493 2838 5562 
1 4 5562 19451 19390 2402 
1 4 2402 9434 6659 701 
1 6 19627 19671 770 19752 6737 19815 
1 7 8042 10621 5013 19352 206 19225 2616 
1 6 2616 19057 18974 10247 3614 7388 
1 5 19451 10309 1633 19452 4567 
1 6 4567 8089 9795 19497 1700 6037 
1 7 701 1475 19190 19200 681 4259 19280 
1 6 19280 5149 19258 8016 3844 598 
1 3 6037 10674 8016 
1 6 10414 1556 19560 2381 19433 8016 
1 10 598 19372 7864 19391 19428 5160 19440 19495 7314 381 
1 5 2020 7424 19534 19471 19428 
1 6 19138 7025 19286 19345 4241 19428 
1 9 18985 7106 19120 4787 19173 9946 19237 19281 19316 
1 6 18457 18504 8180 18592 6972 18649 
1 6 18649 235 2407 18869 5364 18985 
1 5 18457 1991 3602 5168 2010 
1 5 18985 18943 18881 18792 2010 
1 8 2010 18786 18824 18796 10189 3320 18986 2665 
1 6 19267 7260 974 8132 19059 18985 
1 5 19564 19480 128 4767 19267 
1 6 1662 19325 8712 19346 19358 4767 
1 5 1662 19259 10632 19234 19192 
1 4 19138 19191 2684 19192 
1 6 7314 8086 19419 8787 19306 19234 
1 6 19234 9241 19019 18948 2183 18814 
1 4 18814 8496 18630 7680 
1 4 8094 18573 2810 18649 
1 7 8496 10365 18732 8471 18638 18618 8094 
1 6 8712 1392 19148 9447 10232 3717 
1 5 3717 8259 6634 4983 18649 
1 6 3717 1160 594 3598 18683 8094 
1 7 8094 18527 7343 1595 18382 4126 9272 
1 7 8094 18525 18455 6470 18370 4896 10138 
1 6 10138 18098 7370 10325 17838 553 
1 5 10138 2926 8388 9781 18138 
1 4 18078 3118 2112 18138 
1 5 18078 7796 993 5064 17656 
1 4 18164 18137 1767 18078 
1 7 8271 3747 935 1193 18280 10589 18164 
1 5 1111 8904 5610 2095 18280 
1 6 18164 3576 18394 18430 3881 6181 
1 5 19138 2736 6116 4858 5380 
1 3 5380 10697 6181 
1 6 4858 18889 3530 9483 4692 8496 
1 5 7680 18436 18378 5414 9781 
1 6 18436 10457 8520 9890 1230 6181 
1 6 17111 17078 6891 4256 17109 17053 
1 4 17053 8949 6061 17321 
1 5 17321 17399 17437 2216 17572 
1 5 18164 4626 18037 8034 6491 
1 5 17572 17611 4200 17747 6491 
1 8 18087 5464 2220 254 10276 17816 17722 17611 
1 4 598 19253 2133 6967 
1 7 6967 8531 8398 4267 18748 7962 1111 
1 7 2133 19183 464 8861 3887 19045 6116 
1 8 6891 17145 6961 8428 17370 1929 17521 17611 
1 8 18271 5294 18316 18338 18402 455 4680 5138 
1 6 701 18984 8834 3892 7474 8414 
1 4 8414 8793 18545 5138 
1 7 19258 19201 19133 19051 9103 18900 392 
1 7 5138 18519 10299 5864 18730 7135 392 
1 6 5138 18447 1596 18435 6205 8271 
1 4 7135 10345 4059 1111 
1 8 18338 3323 18292 18279 9060 4303 6674 18087 
1 6 10455 1828 7388 18577 9036 18470 
1 6 18470 1323 18319 18269 18231 18155 
1 12 4885 3803 88 18058 4083 5598 18155 3485 18199 10052 18291 18271 
1 4 18058 5188 18209 9397 
1 6 9397 7001 18474 2214 18583 7388 
1 7 18240 3410 698 7617 7676 3566 9397 
1 5 18291 2784 10127 1843 69 
1 8 18974 8260 2235 18917 18873 6060 9461 69 
1 8 69 3325 6798 122 18905 7147 18894 8834 
1 7 18155 4710 17990 17924 17873 376 17691 
1 5 3261 1216 4435 9642 17108 
1 8 17405 17344 315 10295 9796 2299 17173 17108 
1 8 17108 6624 1809 17337 204 9015 17621 17691 
1 8 17108 17023 2401 16905 5244 9213 6038 7152 
1 4 7152 16634 7417 2464 
1 6 2464 16376 8936 16247 8868 9996 
1 9 6038 2643 16842 9467 16878 16944 16990 9256 5730 
1 4 5730 6662 17085 17053 
1 6 2569 148 15540 15505 4915 15555 
1 6 17053 7201 1051 5572 8512 16514 
1 6 16514 8356 6161 16440 4359 16428 
1 8 16376 8217 6364 6886 8408 4121 5725 16450 
1 8 9256 3308 1717 16774 16700 6630 9698 16450 
1 6 16450 16474 16527 10020 16467 16514 
1 7 16450 5929 4593 16248 10195 1738 15998 
1 6 16514 16446 4357 16272 6538 7293 
1 9 2569 1198 15731 15790 7652 1885 7823 16048 7293 
1 4 15998 15928 7490 15790 
1 4 2569 8570 904 7695 
1 4 7695 1384 3037 5130 
1 4 9010 2189 4280 2569 
1 7 9010 15559 9177 15420 3784 1457 5130 
1 7 5130 310 15050 4706 15038 4474 14963 
1 4 14748 1922 7470 14963 
1 5 8715 3467 4286 14882 14963 
1 6 1413 10274 1129 2177 2958 7391 
1 5 8715 2942 8931 15081 636 
1 9 636 1613 15240 7074 15403 659 7480 3900 4723 
1 7 1613 10714 6184 15241 6558 15423 15492 
1 7 15833 15758 10101 1931 886 15536 15492 
1 10 9996 16043 9317 8053 9686 15801 15730 15672 7282 15492 
1 10 3784 9353 15465 8645 15419 9582 8858 15485 5593 15492 
1 7 15419 15352 15287 15205 2984 130 14963 
1 8 15066 7358 4520 2676 15004 5954 14972 9284 
1 6 1613 3975 15135 15067 15087 15066 
1 8 19944 19979 4222 20003 4299 20027 10104 3381 
1 7 3381 20039 2481 20032 8477 19994 9895 
1 5 20111 8068 7591 3559 20039 
1 6 12244 12195 4826 12095 12088 4998 
1 6 12244 12302 3518 12437 5531 4257 
1 4 4257 7318 12635 7784 
1 4 7784 6494 12692 12736 
1 5 12936 9226 12794 1706 7784 
1 6 12736 1415 12855 8008 12994 13038 
1 6 13038 12979 12966 10766 12942 12936 
1 5 12936 4782 5994 3304 12997 
1 6 13035 1311 13008 2425 13046 12997 
1 5 2517 12920 12971 1229 13035 
1 6 9916 3974 12889 12875 5925 2517 
1 4 2517 12809 7063 7479 
1 5 7479 4226 2193 134 12627 
1 4 12627 12618 3856 4257 
1 5 10397 11840 11833 8112 8990 
1 6 10397 11841 11791 11730 1893 11621 
1 5 355 12052 8720 10343 10397 
1 7 12290 12252 12200 3149 8085 11965 10397 
1 7 10343 3583 4082 11898 3380 2204 1165 
1 6 1165 4099 8590 1320 251 11813 
1 5 11813 11857 6469 11819 4661 
1 4 11992 9424 6534 4661 
1 5 11813 11757 11706 951 11609 
1 6 11263 11266 11259 1438 11282 10700 
1 5 10700 8790 2852 504 11413 
1 8 11609 3089 10294 10344 6126 11426 4352 11413 
1 7 11263 11303 1951 4219 397 10739 10294 
1 8 4689 7467 1517 11550 11541 11576 11623 11609 
1 8 4661 2360 9827 3075 8000 8021 11448 11413 
1 8 11413 3066 5384 4013 4011 11182 11156 11129 
1 6 10700 11245 500 9059 2824 11152 
1 6 11152 11176 396 11178 833 8899 
1 11 11413 4789 11388 2556 10074 11427 9620 8064 4748 9957 2647 
1 7 2647 8556 11444 11433 4250 9562 9573 
1 10 9573 10507 3446 2110 11561 7403 11542 11505 2184 1975 
1 4 1975 4116 5074 11338 
1 12 11561 3778 9927 943 11776 10338 4311 11922 9978 8758 11934 3479 
1 6 12214 12171 12085 12019 8544 3479 
1 9 12214 4656 12090 12053 1856 11933 5316 3060 9783 
1 8 9783 9866 1423 11579 8760 11475 11428 4748 
1 8 4661 11814 11784 7621 3112 3139 3904 6168 
1 6 6168 11907 7101 2002 11798 9783 
1 10 6168 12018 6689 3053 12177 8336 12285 690 12418 573 
1 6 12418 12350 12286 12279 4795 12214 
1 10 12418 6580 6714 12445 4968 12429 453 10267 12430 12431 
1 3 12431 4601 12607 
1 2 3053 7852 
1 15 12431 12401 9279 12321 7502 12352 4783 2223 10601 5270 12153 5767 5516 12021 7958 
1 10 7958 8954 6627 12001 1669 11989 2158 10742 1566 12042 
1 6 7958 8385 2135 11800 11751 7434 
1 6 7434 511 11658 11584 8450 1975 
1 9 5429 12448 4189 12312 12233 12202 12118 12058 12021 
1 3 5429 1932 1310 
1 7 5429 12480 5035 5650 8716 2224 3061 
1 9 12431 12457 12474 5082 12520 8816 4057 10317 3061 
1 4 573 1314 12592 4114 
1 6 8283 12473 12484 6992 12620 4114 
1 6 12484 12490 3721 12442 7340 12418 
1 6 12829 12839 7925 3155 883 4114 
1 8 12829 12750 7719 12668 960 12581 6515 453 
1 3 12829 10449 390 
1 7 12829 3375 12958 8274 13084 8373 13113 
1 8 8373 13181 9394 4243 9282 4584 13412 5971 
1 5 13412 7718 9845 3172 10622 
1 4 10622 5181 270 8857 
1 3 8857 7641 4065 
1 6 4065 3329 9033 1826 13168 13159 
1 8 4065 7501 6607 4553 13154 13140 4123 8373 
1 6 4065 13053 2001 5422 8303 8166 
1 4 8166 8666 4010 4114 
1 6 2590 6402 12820 10675 8925 5378 
1 10 12407 7447 12496 1490 8199 1071 12616 4687 12634 5378 
1 9 5378 8437 898 623 12814 1497 6023 9893 13007 
1 10 1497 12833 1012 1327 12766 12738 2960 12673 12644 1253 
1 5 12766 5594 8563 741 13029 
1 4 13029 13090 13131 6426 
1 9 12766 8579 9756 9987 12588 6506 558 9741 2318 
1 8 5378 12589 12487 1865 1629 12295 8639 9609 
1 7 2318 12235 12185 9868 1732 474 8985 
1 3 8985 11913 5078 
1 5 9741 96 12380 1539 1629 
1 3 9609 5470 7335 
1 5 7335 1697 8884 981 8985 
1 8 7335 9861 12009 12039 8195 3370 11967 11956 
1 7 11956 3561 11811 11780 11720 11672 9596 
1 7 1091 11515 11496 3760 3632 611 9596 
1 3 3760 11507 1898 
1 5 9609 12198 4305 9714 12309 
1 5 8199 6764 3939 12343 12309 
1 6 12309 2979 12207 1852 4602 3370 
1 6 1091 11463 6257 9785 11405 4509 
1 9 7335 1288 11862 567 9132 8270 11589 11533 1091 
1 11 1091 9583 10491 11478 8030 7948 11490 11474 6074 1604 6901 
1 8 8985 2222 11861 9969 7199 2270 9268 11588 
1 8 11588 11524 6901 11470 6955 4699 2296 11356 
1 6 11356 2587 9824 1410 7997 6696 
1 3 8357 3666 9207 
1 9 6195 11488 4339 11506 2338 11473 9384 1429 8357 
1 3 11506 4694 10395 
1 8 10395 7581 11625 7975 11682 11644 11639 11650 
1 5 11650 11645 11662 11626 10545 
1 5 11506 4327 1705 11358 11323 
1 5 8357 11372 11327 2104 2168 
1 2 10395 3615 
1 7 2362 11214 7205 11258 8071 11360 3640 
1 4 11373 3710 2328 11360 
1 7 11824 11742 2741 11597 3702 2836 3640 
1 5 3702 992 3394 2175 9477 
1 5 9477 7993 3865 11458 2747 
1 3 2747 11400 11420 
1 6 9477 11700 11743 10024 1696 9276 
1 6 2747 5176 2889 11324 3540 11260 
1 9 2496 2160 10848 4605 10932 8530 6390 10519 11041 
1 7 2362 6681 4803 10654 4854 10196 11041 
1 7 11041 1077 10404 3582 8106 10884 10374 
1 8 10374 1537 10890 10874 10904 10745 10922 25 
1 9 11260 7487 11222 7662 11192 6960 8598 1779 11085 
1 6 11085 11066 2171 632 10957 25 
1 6 11085 5512 3133 11130 5061 5553 
1 7 5553 11141 9831 3007 10208 10197 11114 
1 8 10957 10978 9418 2658 10961 6911 20 10953 
1 5 11114 5783 10728 5646 9327 
1 8 10953 1351 436 10751 421 6584 10190 9327 
1 6 3932 17695 9369 17530 17465 10313 
1 3 3932 6290 9457 
1 4 9238 18267 18343 18392 
1 2 18392 18403 
1 3 18267 18208 5135 
1 8 17559 9681 10623 17849 2798 17998 18047 17973 
1 3 9955 5716 17959 
1 7 17959 1048 17791 17713 17593 7754 17446 
1 5 17695 8455 17610 6817 2228 
1 8 17102 6636 9489 3341 16735 2792 16611 16592 
1 8 776 16886 10725 17021 227 9025 4637 17242 
1 6 776 4554 16665 5401 3662 5440 
1 8 14054 2987 13899 4318 13791 2450 13678 1371 
1 5 14054 834 8748 4893 13772 
1 4 13772 13719 13684 13658 
1 7 3310 17994 17942 3944 8043 17641 17576 
1 5 18105 9260 18040 6776 3944 
1 5 18324 5359 18227 4669 18105 
1 3 18324 2874 18538 
1 5 2874 6163 2808 6561 18372 
1 5 1574 18556 2887 18426 18372 
1 5 18372 7182 3422 18151 3310 
1 3 19356 3511 19289 
1 5 18982 19062 19163 8664 19289 
1 5 19571 2244 19365 6655 19289 
1 7 19356 19414 19489 9302 2042 19701 19749 
1 4 19289 19219 1267 3592 
1 6 8810 19613 4791 4151 2858 386 
1 5 386 19205 19151 994 3929 
1 9 19474 19446 2519 19431 19387 7603 19332 5584 386 
1 4 386 19229 3877 19243 
1 6 3929 9538 1910 4825 9774 18575 
1 3 7859 9792 1770 
1 6 1770 18101 7427 10032 17867 2769 
1 3 2769 3752 8288 
1 5 6427 1567 16997 9730 16894 
1 5 16831 16880 6743 8860 16894 
1 2 16894 10073 
1 7 16479 482 16631 894 16752 16821 16894 
1 7 8889 10220 2712 8992 7729 4141 15208 
1 7 4101 15712 3316 15523 9206 2065 15208 
1 5 4101 3766 8292 8490 15657 
1 5 15208 7597 1650 2609 1569 
1 7 15208 3719 15343 15458 6567 9194 15657 
1 6 15208 15130 3826 4277 8873 6788 
1 4 15208 5754 15215 15183 
1 8 2609 15182 15139 5874 14920 14803 14714 1735 
1 2 4101 2565 
1 4 6763 2821 10107 15175 
1 9 15278 9210 9056 1641 15654 15729 6721 2488 15914 
1 6 15914 10168 9519 16093 16158 5159 
1 4 16398 9223 7237 5159 
1 5 16626 3400 16502 16456 16398 
1 4 16800 1462 5205 17090 
1 7 4382 17226 7254 1431 17464 3104 182 
1 2 3104 10515 
1 3 17764 5872 4092 
1 7 17241 9093 17047 1214 16976 16903 7014 
1 7 5938 10180 6794 5792 5119 19169 852 
1 9 5588 5117 19782 19734 10408 19608 2327 19458 8058 
1 7 2327 19544 5966 405 3771 5288 19483 
1 7 19292 7015 9376 922 19264 19231 6593 
1 3 8058 10596 402 
1 5 6593 4138 402 3599 852 
1 6 402 19095 19011 18933 8965 18774 
1 5 2327 7535 19652 5053 19738 
1 5 19432 2727 5423 19224 19169 
1 10 16791 16840 8221 16987 17074 10540 17191 17210 17192 17199 
1 17 17658 17642 9187 17667 6620 1182 17577 1874 418 4500 4570 17355 6676 1510 129 17283 17199 
1 9 17199 17283 5020 2799 3731 17673 17750 3671 17982 
1 6 1182 17654 9737 17856 1146 18033 
1 9 18033 18085 6231 7486 18128 18152 18234 18249 5208 
1 6 17982 4947 18067 10037 7921 5208 
1 6 5208 9823 18410 3913 18531 18517 
1 5 18531 6120 18590 1225 10271 
1 9 10271 18657 907 6574 6844 18952 19063 19128 19155 
1 4 10271 8464 4615 5208 
1 16 19539 3517 3474 19283 9918 6585 4038 19100 19029 8711 18899 2119 18773 6498 5003 10271 
1 12 19283 19262 19269 1264 19256 7806 237 9480 6272 2108 19279 7698 
1 8 2108 3399 19142 7251 7544 10770 2711 7551 
1 10 4536 5442 3834 18915 216 18983 19009 5935 19152 4038 
1 9 4536 18742 2945 9329 2953 4329 18819 18880 7544 
1 5 4536 18646 2217 9205 840 
1 3 840 18368 8567 
1 18 17199 8569 1876 3950 2782 1511 10334 17431 6480 4465 10293 6101 17462 17491 4271 17492 4007 17558 
1 12 8567 18215 18142 5233 2479 4319 17886 4170 17763 17687 6822 17558 
1 11 17558 1479 1163 7715 9299 17569 17483 17473 4784 2264 3423 
1 10 3423 5092 17327 1525 2924 9387 3077 17010 17011 17000 
1 12 7551 8866 10016 18701 8657 8065 6026 18479 899 4265 7600 18429 
1 11 7600 8214 18196 263 18017 4328 3532 5025 17617 2106 3423 
1 16 17000 7577 5041 17169 17234 8753 17380 17411 3699 3052 9245 9575 1173 3063 17712 1153 
1 9 6644 18305 307 8273 18028 9932 17771 17689 9575 
1 27 17712 4880 10082 7339 6995 9841 3536 17001 2734 1305 16747 10436 16610 16501 16439 5664 16215 5447 16057 4864 15910 5574 4368 5390 6000 15624 2263 
1 8 4368 15968 6501 39 7481 16280 6347 16412 
1 13 4368 4194 15903 15922 3296 1663 9122 7779 7333 6759 16016 15985 7846 
1 12 17000 16912 4579 3560 7505 7543 3350 10371 16324 16262 2498 16081 
1 19 16081 16102 4655 3567 4364 6505 4001 16263 4054 869 5212 8854 2662 16222 16246 16298 4449 16270 5664 
1 9 16081 9644 7928 9257 3455 4360 8548 15490 15346 
1 5 16081 16024 5308 7398 15799 
1 14 15799 9492 4551 2093 4432 4771 321 15527 686 15408 15339 15277 15202 15104 
1 18 17558 4007 5980 17298 5525 17105 963 16947 16896 16809 1395 10665 1124 10595 16406 9236 16245 16185 
1 13 16185 6251 9330 2518 15812 3287 15616 15543 15460 4856 15268 2624 15104 
1 5 15104 5801 14921 363 6679 
1 21 1461 15736 9543 15737 5021 15783 5951 3816 15606 549 5596 15508 1484 15392 4002 1425 15255 15267 927 2624 15104 
1 5 9604 7710 14144 2995 9098 
1 11 9604 14339 3982 14420 10608 8229 14378 589 7550 14533 1884 
1 12 9604 14218 8980 6365 14010 503 3773 13778 13738 13689 13640 9660 
1 4 2995 14015 4967 13831 
1 7 4026 704 14625 9522 14457 192 9604 
1 9 589 14329 7587 14143 2023 9815 7966 6906 13718 
1 6 9815 1837 7768 13756 8955 13738 
1 10 878 16089 8308 6533 16000 4155 8197 7500 6341 1461 
1 18 17199 8749 17027 6416 5395 16780 1804 16606 16539 16489 16434 6809 4820 4036 2 15994 6108 1461 
1 12 8221 5293 1565 16652 7654 6834 93 866 16259 16212 10281 6533 
1 7 6533 3044 15898 1010 15725 15644 9112 
1 8 7883 10761 4982 15549 7382 15481 15550 9112 
1 14 9112 6130 15337 9600 861 15097 15017 7399 2441 14610 5406 727 10671 5431 
1 15 5431 14116 10057 5481 13864 7547 1954 7821 6850 2417 15 13407 2305 7360 10360 
1 8 9112 2891 7560 6219 9102 5345 15761 1461 
1 13 15104 5801 1220 7851 2414 9905 8111 10724 2900 14128 868 13936 5048 
1 23 5048 1339 2290 2260 13762 8693 184 229 13609 13584 6504 8122 1333 2024 8958 10620 13538 10732 13500 10359 6028 13336 10360 
1 16 15017 8953 14795 4702 8130 7865 14777 1105 14686 1128 14611 9419 4464 14479 7877 5800 
1 17 5800 8002 3382 5534 4635 269 4686 14007 4943 13905 1648 9107 3870 13821 13866 5392 5048 
1 16 13336 13361 4433 10202 5475 13597 6485 13745 13810 13874 5715 10333 14104 14161 8648 8002 
1 14 5596 9784 15345 15254 7217 4555 14928 7517 730 9001 2875 6836 14361 8002 
1 8 1333 13470 1204 6122 4507 1807 668 6669 
1 10 3412 12940 3750 7825 12968 3040 13010 8393 13041 3781 
1 6 3781 4946 193 2404 8334 747 
1 11 748 179 13247 13278 7473 10707 3593 13413 6596 10181 13515 
1 15 2404 4358 13149 13139 4751 6838 3470 13111 13087 4268 2455 13088 4802 13061 4681 
1 10 4681 4559 6428 2543 6373 1882 1637 13153 13187 748 
1 18 13061 13004 12931 12874 4446 6045 12665 5374 4835 12446 2022 4992 12228 12165 8449 1092 6057 11901 
1 7 748 9402 5300 856 13098 6367 13013 
1 13 13013 13056 8223 13112 13094 7906 13144 13156 8363 13192 8752 1881 13193 
1 11 8363 447 7575 5576 6650 7649 12915 8756 7588 2078 10372 
1 13 8363 4568 7800 3204 13409 6566 7296 547 13615 4193 5814 13892 13939 
1 8 13939 5898 14094 4913 8856 5155 14490 14555 
1 8 13892 10498 13875 2971 2465 5467 13897 5524 
1 9 13615 13621 4636 7844 13590 13568 8425 3508 13540 
1 6 8856 14431 14469 4293 14626 2859 
1 3 5502 14763 2859 
1 6 2859 6710 714 14910 6051 7503 
1 6 6759 15880 502 4058 9636 15520 
1 16 11916 10145 9791 2162 12222 8084 4367 4566 10373 6849 7099 12710 2499 404 3541 10477 
1 11 6849 10431 12522 3861 3868 8835 1598 12513 9242 4230 12491 
1 15 6849 2637 12549 6986 9897 9250 6247 12411 1159 12460 12475 3552 5209 10072 12432 
1 3 5657 4577 4907 
1 13 1613 15114 15022 1897 4673 394 9587 1733 9057 14382 1998 14239 1276 
1 6 6723 9328 13963 7758 9924 13901 
1 4 14280 14402 14494 10199 
1 4 10199 5947 2007 258 
1 5 10199 1052 4117 5640 14254 
