1 68 
1 69 
1 91 
1 185 
1 191 
1 252 
1 386 
1 389 
1 441 
1 571 
1 598 
1 872 
1 900 
1 902 
1 1015 
1 1091 
1 1111 
1 1165 
1 1259 
1 1276 
1 1378 
1 1413 
1 1461 
1 1465 
1 1576 
1 1613 
1 1662 
1 1728 
1 1753 
1 1888 
1 1975 
1 1978 
1 2010 
1 2036 
1 2198 
1 2362 
1 2394 
1 2402 
1 2418 
1 2542 
1 2569 
1 2616 
1 2665 
1 2778 
1 3310 
1 3331 
1 3338 
1 3397 
1 3412 
1 3442 
1 3479 
1 3717 
1 3736 
1 3740 
1 3784 
1 3977 
1 4101 
1 4114 
1 4130 
1 4143 
1 4192 
1 4275 
1 4303 
1 4373 
1 4381 
1 4661 
1 4689 
1 4748 
1 5138 
1 5190 
1 5208 
1 5234 
1 5378 
1 5429 
1 5588 
1 5590 
1 5657 
1 5926 
1 5938 
1 6038 
1 6293 
1 6345 
1 6550 
1 6594 
1 6630 
1 6682 
1 6723 
1 6799 
1 7038 
1 7084 
1 7120 
1 7135 
1 7213 
1 7312 
1 7371 
1 7388 
1 7599 
1 7617 
1 7744 
1 7749 
1 7784 
1 7845 
1 7958 
1 8042 
1 8094 
1 8166 
1 8280 
1 8311 
1 8357 
1 8715 
1 8990 
1 9010 
1 9101 
1 9284 
1 9308 
1 9397 
1 9460 
1 9587 
1 9609 
1 9783 
1 9846 
1 10199 
1 10294 
1 10349 
1 10397 
1 10510 
1 10579 
1 10607 
1 10700 
1 11184 
1 11231 
1 11263 
1 11413 
1 11609 
1 11621 
1 11813 
1 11898 
1 12214 
1 12309 
1 12418 
1 12431 
1 12437 
1 13510 
1 13660 
1 13901 
1 13990 
1 14115 
1 14177 
1 14201 
1 14280 
1 14405 
1 14486 
1 14497 
1 14549 
1 14654 
1 14669 
1 14730 
1 14963 
1 15046 
1 15076 
1 15090 
1 15194 
1 15393 
1 15447 
1 15492 
1 15494 
1 15513 
1 15656 
1 15732 
1 15767 
1 16139 
1 16250 
1 16285 
1 16368 
1 16376 
1 16450 
1 16514 
1 16978 
1 16980 
1 17000 
1 17004 
1 17053 
1 17064 
1 17108 
1 17199 
1 17321 
1 17526 
1 17574 
1 17611 
1 17691 
1 17867 
1 18105 
1 18155 
1 18164 
1 18338 
1 18457 
1 18587 
1 18649 
1 18814 
1 18985 
1 19234 
1 19267 
1 19356 
1 19428 
1 19436 
1 19483 
1 19850 
1 19996 
1 20074 
