
state={
	id=62
	name="STATE_62"

	history={
		owner = ART
		victory_points = {
			9889 5 
		}
		buildings = {
			infrastructure = 5
			industrial_complex = 3
			arms_factory = 2

		}
		add_core_of = ART

	}

	provinces={
		241 505 524 1242 1279 1489 1518 1724 1739 1822 2258 2291 2544 2639 2693 3070 3113 3207 3487 3527 3571 3627 4003 4260 4306 4408 4445 4667 5057 5292 5618 5694 5724 6218 6265 6379 6479 6508 6652 6663 6840 6925 6928 7337 7582 7795 7861 7910 8026 8087 8495 8504 8805 8952 9537 9682 9814 9889 9896 9942 9993 10290 10329 10534 10824 10832 10833 10836 10845 10847 10849 10851 10855 10863 10865 10866 10868 10869 10870 10875 10894 10898 10901 10910 10911 10915 10928 10931 10936 10943 10947 10951 10968 10971 10972 10976 10982 10985 10988 10997 10999 11000 11001 11002 11007 11014 11022 11025 11026 11031 11032 11037 11046 11054 11055 11059 11065 11073 11084 11089 11110 11123 11136 11137 11144 11157 11167 
	}
	manpower=10000000
	buildings_max_level_factor=1.000
	state_category=city
	local_supplies=0.000
}
